#: table_doi: 10.17182/hepdata.115022.v2/t33
#: name: ak7_correlations_y3_y1
#: description: The correlation matrix at the particle level of inclusive jet production cross section as a function of the jet transverse momentum~$p_\mathrm{T}$ for jets in $1.0 < |y| < 1.5$and $|y| < 0.5$ clustered using the anti-$k_\mathrm{t}$ algorithm with $R=0.7$. It contains contributions from the data and from the \textsc{PYTHIA}~8 sample used to perform the unfolding.
#: data_file: ak7_correlations_y3_y1.yaml
#: keyword observables: correlations
Jet p_{T} [GeV]   Jet p_{T} [GeV] LOW   Jet p_{T} [GeV] HIGH   Jet p_{T} [GeV]   Jet p_{T} [GeV] LOW   Jet p_{T} [GeV] HIGH   correlation
115.0   97.0   133.0   115.0   97.0   133.0   0.038778
115.0   97.0   133.0   153.5   133.0   174.0   -0.0086368
115.0   97.0   133.0   197.0   174.0   220.0   0.001125
115.0   97.0   133.0   246.0   220.0   272.0   -0.00017671
115.0   97.0   133.0   301.0   272.0   330.0   -0.00046164
115.0   97.0   133.0   362.5   330.0   395.0   -0.00039224
115.0   97.0   133.0   431.5   395.0   468.0   -0.00036832
115.0   97.0   133.0   508.0   468.0   548.0   -0.0003314
115.0   97.0   133.0   593.0   548.0   638.0   -0.00027101
115.0   97.0   133.0   687.5   638.0   737.0   -0.00029175
115.0   97.0   133.0   791.5   737.0   846.0   -0.00020617
115.0   97.0   133.0   906.5   846.0   967.0   -0.00018419
115.0   97.0   133.0   1034.0   967.0   1101.0   -0.00011816
115.0   97.0   133.0   1174.5   1101.0   1248.0   -8.1091e-05
115.0   97.0   133.0   1329.0   1248.0   1410.0   -4.9197e-05
115.0   97.0   133.0   1499.0   1410.0   1588.0   -3.6401e-05
115.0   97.0   133.0   1686.0   1588.0   1784.0   -1.8739e-05
115.0   97.0   133.0   1892.0   1784.0   2000.0   -1.6077e-05
115.0   97.0   133.0   2119.0   2000.0   2238.0   -7.6502e-06
115.0   97.0   133.0   2369.0   2238.0   2500.0   -5.2969e-06
115.0   97.0   133.0   2643.5   2500.0   2787.0   -3.3199e-07
115.0   97.0   133.0   2945.0   2787.0   3103.0   -1.517e-06
153.5   133.0   174.0   115.0   97.0   133.0   -0.0093063
153.5   133.0   174.0   153.5   133.0   174.0   0.045974
153.5   133.0   174.0   197.0   174.0   220.0   0.0014891
153.5   133.0   174.0   246.0   220.0   272.0   -0.00015563
153.5   133.0   174.0   301.0   272.0   330.0   0.00070224
153.5   133.0   174.0   362.5   330.0   395.0   -3.0672e-06
153.5   133.0   174.0   431.5   395.0   468.0   0.00023423
153.5   133.0   174.0   508.0   468.0   548.0   0.00011536
153.5   133.0   174.0   593.0   548.0   638.0   0.00014965
153.5   133.0   174.0   687.5   638.0   737.0   0.00012074
153.5   133.0   174.0   791.5   737.0   846.0   9.6934e-05
153.5   133.0   174.0   906.5   846.0   967.0   8.1607e-05
153.5   133.0   174.0   1034.0   967.0   1101.0   5.3918e-05
153.5   133.0   174.0   1174.5   1101.0   1248.0   3.628e-05
153.5   133.0   174.0   1329.0   1248.0   1410.0   2.2522e-05
153.5   133.0   174.0   1499.0   1410.0   1588.0   1.6353e-05
153.5   133.0   174.0   1686.0   1588.0   1784.0   8.5924e-06
153.5   133.0   174.0   1892.0   1784.0   2000.0   7.2321e-06
153.5   133.0   174.0   2119.0   2000.0   2238.0   3.4489e-06
153.5   133.0   174.0   2369.0   2238.0   2500.0   2.426e-06
153.5   133.0   174.0   2643.5   2500.0   2787.0   1.3004e-07
153.5   133.0   174.0   2945.0   2787.0   3103.0   7.3249e-07
197.0   174.0   220.0   115.0   97.0   133.0   0.0026292
197.0   174.0   220.0   153.5   133.0   174.0   -0.0015564
197.0   174.0   220.0   197.0   174.0   220.0   0.01822
197.0   174.0   220.0   246.0   220.0   272.0   0.0061568
197.0   174.0   220.0   301.0   272.0   330.0   -0.0019462
197.0   174.0   220.0   362.5   330.0   395.0   0.00096272
197.0   174.0   220.0   431.5   395.0   468.0   -0.00033229
197.0   174.0   220.0   508.0   468.0   548.0   0.00015511
197.0   174.0   220.0   593.0   548.0   638.0   -0.00015622
197.0   174.0   220.0   687.5   638.0   737.0   1.4952e-05
197.0   174.0   220.0   791.5   737.0   846.0   -4.0995e-05
197.0   174.0   220.0   906.5   846.0   967.0   -1.4426e-05
197.0   174.0   220.0   1034.0   967.0   1101.0   -1.5716e-05
197.0   174.0   220.0   1174.5   1101.0   1248.0   -7.6348e-06
197.0   174.0   220.0   1329.0   1248.0   1410.0   -6.698e-06
197.0   174.0   220.0   1499.0   1410.0   1588.0   -3.6184e-06
197.0   174.0   220.0   1686.0   1588.0   1784.0   -2.5381e-06
197.0   174.0   220.0   1892.0   1784.0   2000.0   -1.6753e-06
197.0   174.0   220.0   2119.0   2000.0   2238.0   -8.1726e-07
197.0   174.0   220.0   2369.0   2238.0   2500.0   -7.1104e-07
197.0   174.0   220.0   2643.5   2500.0   2787.0   4.9953e-08
197.0   174.0   220.0   2945.0   2787.0   3103.0   -2.7933e-07
246.0   220.0   272.0   115.0   97.0   133.0   -0.00086856
246.0   220.0   272.0   153.5   133.0   174.0   0.00094065
246.0   220.0   272.0   197.0   174.0   220.0   0.0067624
246.0   220.0   272.0   246.0   220.0   272.0   0.02986
246.0   220.0   272.0   301.0   272.0   330.0   -0.0067996
246.0   220.0   272.0   362.5   330.0   395.0   0.0033763
246.0   220.0   272.0   431.5   395.0   468.0   -0.0013719
246.0   220.0   272.0   508.0   468.0   548.0   0.00043913
246.0   220.0   272.0   593.0   548.0   638.0   7.0548e-06
246.0   220.0   272.0   687.5   638.0   737.0   2.7162e-05
246.0   220.0   272.0   791.5   737.0   846.0   1.3184e-05
246.0   220.0   272.0   906.5   846.0   967.0   1.6276e-05
246.0   220.0   272.0   1034.0   967.0   1101.0   9.2778e-06
246.0   220.0   272.0   1174.5   1101.0   1248.0   5.4564e-06
246.0   220.0   272.0   1329.0   1248.0   1410.0   6.319e-06
246.0   220.0   272.0   1499.0   1410.0   1588.0   2.3723e-06
246.0   220.0   272.0   1686.0   1588.0   1784.0   2.5469e-06
246.0   220.0   272.0   1892.0   1784.0   2000.0   9.7739e-07
246.0   220.0   272.0   2119.0   2000.0   2238.0   4.8475e-07
246.0   220.0   272.0   2369.0   2238.0   2500.0   5.7395e-07
246.0   220.0   272.0   2643.5   2500.0   2787.0   -2.1357e-08
246.0   220.0   272.0   2945.0   2787.0   3103.0   2.6772e-07
301.0   272.0   330.0   115.0   97.0   133.0   -1.2284e-05
301.0   272.0   330.0   153.5   133.0   174.0   0.00010922
301.0   272.0   330.0   197.0   174.0   220.0   -0.002411
301.0   272.0   330.0   246.0   220.0   272.0   -0.0082964
301.0   272.0   330.0   301.0   272.0   330.0   0.026314
301.0   272.0   330.0   362.5   330.0   395.0   -0.0072862
301.0   272.0   330.0   431.5   395.0   468.0   0.0037906
301.0   272.0   330.0   508.0   468.0   548.0   -0.00083556
301.0   272.0   330.0   593.0   548.0   638.0   5.6996e-05
301.0   272.0   330.0   687.5   638.0   737.0   -1.588e-05
301.0   272.0   330.0   791.5   737.0   846.0   1.2708e-05
301.0   272.0   330.0   906.5   846.0   967.0   -1.5308e-06
301.0   272.0   330.0   1034.0   967.0   1101.0   2.7534e-06
301.0   272.0   330.0   1174.5   1101.0   1248.0   4.7219e-06
301.0   272.0   330.0   1329.0   1248.0   1410.0   -3.6478e-06
301.0   272.0   330.0   1499.0   1410.0   1588.0   2.3989e-06
301.0   272.0   330.0   1686.0   1588.0   1784.0   -6.7349e-07
301.0   272.0   330.0   1892.0   1784.0   2000.0   7.5254e-07
301.0   272.0   330.0   2119.0   2000.0   2238.0   7.4944e-07
301.0   272.0   330.0   2369.0   2238.0   2500.0   -2.7733e-07
301.0   272.0   330.0   2643.5   2500.0   2787.0   1.4245e-07
301.0   272.0   330.0   2945.0   2787.0   3103.0   -3.8385e-07
362.5   330.0   395.0   115.0   97.0   133.0   -0.00048274
362.5   330.0   395.0   153.5   133.0   174.0   0.0001807
362.5   330.0   395.0   197.0   174.0   220.0   0.0013357
362.5   330.0   395.0   246.0   220.0   272.0   0.0045359
362.5   330.0   395.0   301.0   272.0   330.0   -0.0088074
362.5   330.0   395.0   362.5   330.0   395.0   0.015826
362.5   330.0   395.0   431.5   395.0   468.0   -0.0035105
362.5   330.0   395.0   508.0   468.0   548.0   0.0015282
362.5   330.0   395.0   593.0   548.0   638.0   0.0002899
362.5   330.0   395.0   687.5   638.0   737.0   -8.3816e-05
362.5   330.0   395.0   791.5   737.0   846.0   6.4573e-05
362.5   330.0   395.0   906.5   846.0   967.0   5.9213e-08
362.5   330.0   395.0   1034.0   967.0   1101.0   2.3758e-05
362.5   330.0   395.0   1174.5   1101.0   1248.0   -5.1087e-08
362.5   330.0   395.0   1329.0   1248.0   1410.0   1.7681e-05
362.5   330.0   395.0   1499.0   1410.0   1588.0   1.0631e-06
362.5   330.0   395.0   1686.0   1588.0   1784.0   5.2749e-06
362.5   330.0   395.0   1892.0   1784.0   2000.0   5.651e-07
362.5   330.0   395.0   2119.0   2000.0   2238.0   -1.7012e-07
362.5   330.0   395.0   2369.0   2238.0   2500.0   1.5669e-06
362.5   330.0   395.0   2643.5   2500.0   2787.0   -5.8656e-07
362.5   330.0   395.0   2945.0   2787.0   3103.0   9.8512e-07
431.5   395.0   468.0   115.0   97.0   133.0   -0.00016671
431.5   395.0   468.0   153.5   133.0   174.0   8.7073e-05
431.5   395.0   468.0   197.0   174.0   220.0   -0.00058092
431.5   395.0   468.0   246.0   220.0   272.0   -0.0020233
431.5   395.0   468.0   301.0   272.0   330.0   0.0047318
431.5   395.0   468.0   362.5   330.0   395.0   -0.003779
431.5   395.0   468.0   431.5   395.0   468.0   0.014979
431.5   395.0   468.0   508.0   468.0   548.0   0.0015069
431.5   395.0   468.0   593.0   548.0   638.0   -0.001462
431.5   395.0   468.0   687.5   638.0   737.0   0.00068106
431.5   395.0   468.0   791.5   737.0   846.0   -0.00018297
431.5   395.0   468.0   906.5   846.0   967.0   0.00013204
431.5   395.0   468.0   1034.0   967.0   1101.0   -1.9278e-05
431.5   395.0   468.0   1174.5   1101.0   1248.0   4.7692e-05
431.5   395.0   468.0   1329.0   1248.0   1410.0   -1.5488e-05
431.5   395.0   468.0   1499.0   1410.0   1588.0   1.4299e-05
431.5   395.0   468.0   1686.0   1588.0   1784.0   1.2878e-06
431.5   395.0   468.0   1892.0   1784.0   2000.0   3.9019e-06
431.5   395.0   468.0   2119.0   2000.0   2238.0   2.3652e-06
431.5   395.0   468.0   2369.0   2238.0   2500.0   1.0991e-06
431.5   395.0   468.0   2643.5   2500.0   2787.0   8.2261e-07
431.5   395.0   468.0   2945.0   2787.0   3103.0   -1.9306e-06
508.0   468.0   548.0   115.0   97.0   133.0   -0.00024542
508.0   468.0   548.0   153.5   133.0   174.0   9.4311e-05
508.0   468.0   548.0   197.0   174.0   220.0   0.0002828
508.0   468.0   548.0   246.0   220.0   272.0   0.00085434
508.0   468.0   548.0   301.0   272.0   330.0   -0.0015576
508.0   468.0   548.0   362.5   330.0   395.0   0.0021299
508.0   468.0   548.0   431.5   395.0   468.0   0.00069336
508.0   468.0   548.0   508.0   468.0   548.0   0.013868
508.0   468.0   548.0   593.0   548.0   638.0   0.0022655
508.0   468.0   548.0   687.5   638.0   737.0   -0.00071411
508.0   468.0   548.0   791.5   737.0   846.0   0.00046853
508.0   468.0   548.0   906.5   846.0   967.0   -6.4247e-05
508.0   468.0   548.0   1034.0   967.0   1101.0   0.00014141
508.0   468.0   548.0   1174.5   1101.0   1248.0   -2.0755e-05
508.0   468.0   548.0   1329.0   1248.0   1410.0   8.3123e-05
508.0   468.0   548.0   1499.0   1410.0   1588.0   7.2741e-06
508.0   468.0   548.0   1686.0   1588.0   1784.0   1.2813e-05
508.0   468.0   548.0   1892.0   1784.0   2000.0   3.0616e-06
508.0   468.0   548.0   2119.0   2000.0   2238.0   -2.2342e-06
508.0   468.0   548.0   2369.0   2238.0   2500.0   2.147e-06
508.0   468.0   548.0   2643.5   2500.0   2787.0   3.2897e-06
508.0   468.0   548.0   2945.0   2787.0   3103.0   3.5551e-06
593.0   548.0   638.0   115.0   97.0   133.0   -0.00023785
593.0   548.0   638.0   153.5   133.0   174.0   0.00010733
593.0   548.0   638.0   197.0   174.0   220.0   -0.00016922
593.0   548.0   638.0   246.0   220.0   272.0   -0.00027868
593.0   548.0   638.0   301.0   272.0   330.0   0.00057679
593.0   548.0   638.0   362.5   330.0   395.0   -0.0003612
593.0   548.0   638.0   431.5   395.0   468.0   -0.00074809
593.0   548.0   638.0   508.0   468.0   548.0   0.00045473
593.0   548.0   638.0   593.0   548.0   638.0   0.0044604
593.0   548.0   638.0   687.5   638.0   737.0   9.7447e-05
593.0   548.0   638.0   791.5   737.0   846.0   0.00076615
593.0   548.0   638.0   906.5   846.0   967.0   0.00022806
593.0   548.0   638.0   1034.0   967.0   1101.0   0.00011947
593.0   548.0   638.0   1174.5   1101.0   1248.0   0.00019159
593.0   548.0   638.0   1329.0   1248.0   1410.0   -5.9065e-05
593.0   548.0   638.0   1499.0   1410.0   1588.0   4.3244e-05
593.0   548.0   638.0   1686.0   1588.0   1784.0   1.8462e-05
593.0   548.0   638.0   1892.0   1784.0   2000.0   6.4139e-06
593.0   548.0   638.0   2119.0   2000.0   2238.0   2.0588e-05
593.0   548.0   638.0   2369.0   2238.0   2500.0   1.5415e-05
593.0   548.0   638.0   2643.5   2500.0   2787.0   -1.4308e-05
593.0   548.0   638.0   2945.0   2787.0   3103.0   -6.5849e-06
687.5   638.0   737.0   115.0   97.0   133.0   -0.00013285
687.5   638.0   737.0   153.5   133.0   174.0   5.0137e-05
687.5   638.0   737.0   197.0   174.0   220.0   6.0977e-05
687.5   638.0   737.0   246.0   220.0   272.0   0.00014117
687.5   638.0   737.0   301.0   272.0   330.0   -0.00024689
687.5   638.0   737.0   362.5   330.0   395.0   0.00017295
687.5   638.0   737.0   431.5   395.0   468.0   0.00049223
687.5   638.0   737.0   508.0   468.0   548.0   -0.00019857
687.5   638.0   737.0   593.0   548.0   638.0   0.0001032
687.5   638.0   737.0   687.5   638.0   737.0   0.0075951
687.5   638.0   737.0   791.5   737.0   846.0   0.0012512
687.5   638.0   737.0   906.5   846.0   967.0   0.00086428
687.5   638.0   737.0   1034.0   967.0   1101.0   0.00053193
687.5   638.0   737.0   1174.5   1101.0   1248.0   7.091e-05
687.5   638.0   737.0   1329.0   1248.0   1410.0   0.00034451
687.5   638.0   737.0   1499.0   1410.0   1588.0   9.1806e-05
687.5   638.0   737.0   1686.0   1588.0   1784.0   4.7042e-05
687.5   638.0   737.0   1892.0   1784.0   2000.0   2.7891e-05
687.5   638.0   737.0   2119.0   2000.0   2238.0   -1.405e-05
687.5   638.0   737.0   2369.0   2238.0   2500.0   -6.3194e-06
687.5   638.0   737.0   2643.5   2500.0   2787.0   2.4074e-05
687.5   638.0   737.0   2945.0   2787.0   3103.0   1.551e-05
791.5   737.0   846.0   115.0   97.0   133.0   -0.00013585
791.5   737.0   846.0   153.5   133.0   174.0   5.8317e-05
791.5   737.0   846.0   197.0   174.0   220.0   -4.1371e-05
791.5   737.0   846.0   246.0   220.0   272.0   -5.2887e-05
791.5   737.0   846.0   301.0   272.0   330.0   0.00012409
791.5   737.0   846.0   362.5   330.0   395.0   -3.8472e-05
791.5   737.0   846.0   431.5   395.0   468.0   -0.00016552
791.5   737.0   846.0   508.0   468.0   548.0   0.00040631
791.5   737.0   846.0   593.0   548.0   638.0   0.00073578
791.5   737.0   846.0   687.5   638.0   737.0   0.0017113
791.5   737.0   846.0   791.5   737.0   846.0   0.013963
791.5   737.0   846.0   906.5   846.0   967.0   0.0024801
791.5   737.0   846.0   1034.0   967.0   1101.0   0.0013524
791.5   737.0   846.0   1174.5   1101.0   1248.0   0.0009036
791.5   737.0   846.0   1329.0   1248.0   1410.0   -7.0161e-05
791.5   737.0   846.0   1499.0   1410.0   1588.0   0.00013554
791.5   737.0   846.0   1686.0   1588.0   1784.0   -2.2457e-05
791.5   737.0   846.0   1892.0   1784.0   2000.0   6.9928e-05
791.5   737.0   846.0   2119.0   2000.0   2238.0   7.8333e-05
791.5   737.0   846.0   2369.0   2238.0   2500.0   2.3128e-05
791.5   737.0   846.0   2643.5   2500.0   2787.0   -5.7188e-05
791.5   737.0   846.0   2945.0   2787.0   3103.0   -2.9938e-05
906.5   846.0   967.0   115.0   97.0   133.0   -8.0449e-05
906.5   846.0   967.0   153.5   133.0   174.0   3.2159e-05
906.5   846.0   967.0   197.0   174.0   220.0   9.3092e-06
906.5   846.0   967.0   246.0   220.0   272.0   3.4115e-05
906.5   846.0   967.0   301.0   272.0   330.0   -4.7217e-05
906.5   846.0   967.0   362.5   330.0   395.0   3.8195e-05
906.5   846.0   967.0   431.5   395.0   468.0   0.00014252
906.5   846.0   967.0   508.0   468.0   548.0   -7.0918e-05
906.5   846.0   967.0   593.0   548.0   638.0   0.00023926
906.5   846.0   967.0   687.5   638.0   737.0   0.00070141
906.5   846.0   967.0   791.5   737.0   846.0   0.0030361
906.5   846.0   967.0   906.5   846.0   967.0   0.023712
906.5   846.0   967.0   1034.0   967.0   1101.0   0.0034294
906.5   846.0   967.0   1174.5   1101.0   1248.0   0.0011105
906.5   846.0   967.0   1329.0   1248.0   1410.0   0.0012321
906.5   846.0   967.0   1499.0   1410.0   1588.0   0.00040541
906.5   846.0   967.0   1686.0   1588.0   1784.0   0.00034304
906.5   846.0   967.0   1892.0   1784.0   2000.0   -5.478e-05
906.5   846.0   967.0   2119.0   2000.0   2238.0   8.2641e-05
906.5   846.0   967.0   2369.0   2238.0   2500.0   2.9566e-05
906.5   846.0   967.0   2643.5   2500.0   2787.0   8.8179e-05
906.5   846.0   967.0   2945.0   2787.0   3103.0   7.0884e-05
1034.0   967.0   1101.0   115.0   97.0   133.0   -4.6177e-05
1034.0   967.0   1101.0   153.5   133.0   174.0   1.9653e-05
1034.0   967.0   1101.0   197.0   174.0   220.0   -9.6301e-06
1034.0   967.0   1101.0   246.0   220.0   272.0   -9.3086e-06
1034.0   967.0   1101.0   301.0   272.0   330.0   2.6385e-05
1034.0   967.0   1101.0   362.5   330.0   395.0   5.1873e-06
1034.0   967.0   1101.0   431.5   395.0   468.0   -3.8919e-05
1034.0   967.0   1101.0   508.0   468.0   548.0   0.00016683
1034.0   967.0   1101.0   593.0   548.0   638.0   8.4387e-05
1034.0   967.0   1101.0   687.5   638.0   737.0   0.00078757
1034.0   967.0   1101.0   791.5   737.0   846.0   0.0010066
1034.0   967.0   1101.0   906.5   846.0   967.0   0.0045435
1034.0   967.0   1101.0   1034.0   967.0   1101.0   0.033643
1034.0   967.0   1101.0   1174.5   1101.0   1248.0   0.0049417
1034.0   967.0   1101.0   1329.0   1248.0   1410.0   0.00084392
1034.0   967.0   1101.0   1499.0   1410.0   1588.0   0.000781
1034.0   967.0   1101.0   1686.0   1588.0   1784.0   -0.00017694
1034.0   967.0   1101.0   1892.0   1784.0   2000.0   0.00059682
1034.0   967.0   1101.0   2119.0   2000.0   2238.0   1.5859e-05
1034.0   967.0   1101.0   2369.0   2238.0   2500.0   0.00018724
1034.0   967.0   1101.0   2643.5   2500.0   2787.0   -0.00012962
1034.0   967.0   1101.0   2945.0   2787.0   3103.0   -0.00019247
1174.5   1101.0   1248.0   115.0   97.0   133.0   -4.3739e-05
1174.5   1101.0   1248.0   153.5   133.0   174.0   1.7718e-05
1174.5   1101.0   1248.0   197.0   174.0   220.0   3.2644e-07
1174.5   1101.0   1248.0   246.0   220.0   272.0   8.9332e-06
1174.5   1101.0   1248.0   301.0   272.0   330.0   -7.3885e-06
1174.5   1101.0   1248.0   362.5   330.0   395.0   7.2345e-06
1174.5   1101.0   1248.0   431.5   395.0   468.0   5.0561e-05
1174.5   1101.0   1248.0   508.0   468.0   548.0   -4.0432e-05
1174.5   1101.0   1248.0   593.0   548.0   638.0   0.00018571
1174.5   1101.0   1248.0   687.5   638.0   737.0   -0.00012844
1174.5   1101.0   1248.0   791.5   737.0   846.0   0.0012231
1174.5   1101.0   1248.0   906.5   846.0   967.0   0.00068309
1174.5   1101.0   1248.0   1034.0   967.0   1101.0   0.0069485
1174.5   1101.0   1248.0   1174.5   1101.0   1248.0   0.041014
1174.5   1101.0   1248.0   1329.0   1248.0   1410.0   0.0066363
1174.5   1101.0   1248.0   1499.0   1410.0   1588.0   0.001667
1174.5   1101.0   1248.0   1686.0   1588.0   1784.0   0.0011707
1174.5   1101.0   1248.0   1892.0   1784.0   2000.0   -7.1328e-05
1174.5   1101.0   1248.0   2119.0   2000.0   2238.0   0.0001522
1174.5   1101.0   1248.0   2369.0   2238.0   2500.0   -0.00013808
1174.5   1101.0   1248.0   2643.5   2500.0   2787.0   0.00012094
1174.5   1101.0   1248.0   2945.0   2787.0   3103.0   0.00046062
1329.0   1248.0   1410.0   115.0   97.0   133.0   -1.64e-05
1329.0   1248.0   1410.0   153.5   133.0   174.0   7.0109e-06
1329.0   1248.0   1410.0   197.0   174.0   220.0   -2.7438e-06
1329.0   1248.0   1410.0   246.0   220.0   272.0   -9.447e-07
1329.0   1248.0   1410.0   301.0   272.0   330.0   5.3891e-06
1329.0   1248.0   1410.0   362.5   330.0   395.0   7.0931e-06
1329.0   1248.0   1410.0   431.5   395.0   468.0   -1.3978e-05
1329.0   1248.0   1410.0   508.0   468.0   548.0   6.9877e-05
1329.0   1248.0   1410.0   593.0   548.0   638.0   -3.3915e-05
1329.0   1248.0   1410.0   687.5   638.0   737.0   0.00037082
1329.0   1248.0   1410.0   791.5   737.0   846.0   -0.00037773
1329.0   1248.0   1410.0   906.5   846.0   967.0   0.0019869
1329.0   1248.0   1410.0   1034.0   967.0   1101.0   -2.0379e-05
1329.0   1248.0   1410.0   1174.5   1101.0   1248.0   0.0083058
1329.0   1248.0   1410.0   1329.0   1248.0   1410.0   0.043241
1329.0   1248.0   1410.0   1499.0   1410.0   1588.0   0.0036065
1329.0   1248.0   1410.0   1686.0   1588.0   1784.0   0.0011413
1329.0   1248.0   1410.0   1892.0   1784.0   2000.0   0.00027442
1329.0   1248.0   1410.0   2119.0   2000.0   2238.0   0.00047096
1329.0   1248.0   1410.0   2369.0   2238.0   2500.0   0.00037778
1329.0   1248.0   1410.0   2643.5   2500.0   2787.0   -0.00017907
1329.0   1248.0   1410.0   2945.0   2787.0   3103.0   -2.4587e-06
1499.0   1410.0   1588.0   115.0   97.0   133.0   -1.0402e-05
1499.0   1410.0   1588.0   153.5   133.0   174.0   4.182e-06
1499.0   1410.0   1588.0   197.0   174.0   220.0   5.1615e-07
1499.0   1410.0   1588.0   246.0   220.0   272.0   1.1817e-06
1499.0   1410.0   1588.0   301.0   272.0   330.0   7.1548e-07
1499.0   1410.0   1588.0   362.5   330.0   395.0   -1.1679e-06
1499.0   1410.0   1588.0   431.5   395.0   468.0   2.2123e-05
1499.0   1410.0   1588.0   508.0   468.0   548.0   -3.3117e-05
1499.0   1410.0   1588.0   593.0   548.0   638.0   0.00011593
1499.0   1410.0   1588.0   687.5   638.0   737.0   -0.0001979
1499.0   1410.0   1588.0   791.5   737.0   846.0   0.00058414
1499.0   1410.0   1588.0   906.5   846.0   967.0   -0.00070904
1499.0   1410.0   1588.0   1034.0   967.0   1101.0   0.0024343
1499.0   1410.0   1588.0   1174.5   1101.0   1248.0   -0.00090498
1499.0   1410.0   1588.0   1329.0   1248.0   1410.0   0.0083898
1499.0   1410.0   1588.0   1499.0   1410.0   1588.0   0.049713
1499.0   1410.0   1588.0   1686.0   1588.0   1784.0   0.0040993
1499.0   1410.0   1588.0   1892.0   1784.0   2000.0   0.0029398
1499.0   1410.0   1588.0   2119.0   2000.0   2238.0   -0.0016375
1499.0   1410.0   1588.0   2369.0   2238.0   2500.0   0.00018791
1499.0   1410.0   1588.0   2643.5   2500.0   2787.0   5.6238e-05
1499.0   1410.0   1588.0   2945.0   2787.0   3103.0   -0.00013368
1686.0   1588.0   1784.0   115.0   97.0   133.0   -1.5897e-06
1686.0   1588.0   1784.0   153.5   133.0   174.0   7.1496e-07
1686.0   1588.0   1784.0   197.0   174.0   220.0   -4.8423e-07
1686.0   1588.0   1784.0   246.0   220.0   272.0   -1.4761e-07
1686.0   1588.0   1784.0   301.0   272.0   330.0   1.2456e-06
1686.0   1588.0   1784.0   362.5   330.0   395.0   5.2209e-07
1686.0   1588.0   1784.0   431.5   395.0   468.0   -3.353e-06
1686.0   1588.0   1784.0   508.0   468.0   548.0   2.3527e-05
1686.0   1588.0   1784.0   593.0   548.0   638.0   -2.9586e-05
1686.0   1588.0   1784.0   687.5   638.0   737.0   0.00015947
1686.0   1588.0   1784.0   791.5   737.0   846.0   -0.00016237
1686.0   1588.0   1784.0   906.5   846.0   967.0   0.00047005
1686.0   1588.0   1784.0   1034.0   967.0   1101.0   -0.00034573
1686.0   1588.0   1784.0   1174.5   1101.0   1248.0   0.0016106
1686.0   1588.0   1784.0   1329.0   1248.0   1410.0   0.00046766
1686.0   1588.0   1784.0   1499.0   1410.0   1588.0   -0.00062131
1686.0   1588.0   1784.0   1686.0   1588.0   1784.0   0.046604
1686.0   1588.0   1784.0   1892.0   1784.0   2000.0   -0.00086034
1686.0   1588.0   1784.0   2119.0   2000.0   2238.0   0.006208
1686.0   1588.0   1784.0   2369.0   2238.0   2500.0   0.00055363
1686.0   1588.0   1784.0   2643.5   2500.0   2787.0   -0.0002263
1686.0   1588.0   1784.0   2945.0   2787.0   3103.0   0.00024479
1892.0   1784.0   2000.0   115.0   97.0   133.0   -1.2528e-06
1892.0   1784.0   2000.0   153.5   133.0   174.0   5.2304e-07
1892.0   1784.0   2000.0   197.0   174.0   220.0   6.3411e-08
1892.0   1784.0   2000.0   246.0   220.0   272.0   1.4878e-07
1892.0   1784.0   2000.0   301.0   272.0   330.0   8.6269e-07
1892.0   1784.0   2000.0   362.5   330.0   395.0   6.4478e-07
1892.0   1784.0   2000.0   431.5   395.0   468.0   2.4671e-06
1892.0   1784.0   2000.0   508.0   468.0   548.0   -8.8421e-06
1892.0   1784.0   2000.0   593.0   548.0   638.0   3.4614e-05
1892.0   1784.0   2000.0   687.5   638.0   737.0   -1.028e-06
1892.0   1784.0   2000.0   791.5   737.0   846.0   5.146e-05
1892.0   1784.0   2000.0   906.5   846.0   967.0   0.00027078
1892.0   1784.0   2000.0   1034.0   967.0   1101.0   -0.00014273
1892.0   1784.0   2000.0   1174.5   1101.0   1248.0   0.00047549
1892.0   1784.0   2000.0   1329.0   1248.0   1410.0   -0.0016851
1892.0   1784.0   2000.0   1499.0   1410.0   1588.0   0.0053788
1892.0   1784.0   2000.0   1686.0   1588.0   1784.0   -0.0010127
1892.0   1784.0   2000.0   1892.0   1784.0   2000.0   0.035681
1892.0   1784.0   2000.0   2119.0   2000.0   2238.0   -0.010283
1892.0   1784.0   2000.0   2369.0   2238.0   2500.0   0.0048428
1892.0   1784.0   2000.0   2643.5   2500.0   2787.0   -0.0017773
1892.0   1784.0   2000.0   2945.0   2787.0   3103.0   0.0012903
2119.0   2000.0   2238.0   115.0   97.0   133.0   -1.5912e-06
2119.0   2000.0   2238.0   153.5   133.0   174.0   6.4357e-07
2119.0   2000.0   2238.0   197.0   174.0   220.0   -7.6061e-08
2119.0   2000.0   2238.0   246.0   220.0   272.0   -1.0762e-07
2119.0   2000.0   2238.0   301.0   272.0   330.0   8.7204e-08
2119.0   2000.0   2238.0   362.5   330.0   395.0   -5.7809e-07
2119.0   2000.0   2238.0   431.5   395.0   468.0   3.6946e-06
2119.0   2000.0   2238.0   508.0   468.0   548.0   -1.5896e-06
2119.0   2000.0   2238.0   593.0   548.0   638.0   -5.2853e-06
2119.0   2000.0   2238.0   687.5   638.0   737.0   -1.8011e-05
2119.0   2000.0   2238.0   791.5   737.0   846.0   5.8427e-05
2119.0   2000.0   2238.0   906.5   846.0   967.0   -0.00016344
2119.0   2000.0   2238.0   1034.0   967.0   1101.0   0.00029151
2119.0   2000.0   2238.0   1174.5   1101.0   1248.0   -4.0297e-05
2119.0   2000.0   2238.0   1329.0   1248.0   1410.0   0.0011943
2119.0   2000.0   2238.0   1499.0   1410.0   1588.0   -0.0021128
2119.0   2000.0   2238.0   1686.0   1588.0   1784.0   0.0028724
2119.0   2000.0   2238.0   1892.0   1784.0   2000.0   -0.0041556
2119.0   2000.0   2238.0   2119.0   2000.0   2238.0   0.054567
2119.0   2000.0   2238.0   2369.0   2238.0   2500.0   0.0007115
2119.0   2000.0   2238.0   2643.5   2500.0   2787.0   0.0012421
2119.0   2000.0   2238.0   2945.0   2787.0   3103.0   -0.00090319
