#: table_doi: 10.17182/hepdata.115022.v2/t25
#: name: ak7_correlations_y1_y1
#: description: The correlation matrix at the particle level of inclusive jet production cross section as a function of the jet transverse momentum~$p_\mathrm{T}$ for jets in $|y| < 0.5$ clustered using the anti-$k_\mathrm{t}$ algorithm with $R=0.7$. It contains contributions from the data and from the \textsc{PYTHIA}~8 sample used to perform the unfolding.
#: data_file: ak7_correlations_y1_y1.yaml
#: keyword observables: correlations
Jet p_{T} [GeV]   Jet p_{T} [GeV] LOW   Jet p_{T} [GeV] HIGH   Jet p_{T} [GeV]   Jet p_{T} [GeV] LOW   Jet p_{T} [GeV] HIGH   correlation
115.0   97.0   133.0   115.0   97.0   133.0   1.0
115.0   97.0   133.0   153.5   133.0   174.0   -0.42617
115.0   97.0   133.0   197.0   174.0   220.0   0.11758
115.0   97.0   133.0   246.0   220.0   272.0   -0.04149
115.0   97.0   133.0   301.0   272.0   330.0   0.017975
115.0   97.0   133.0   362.5   330.0   395.0   -0.0087238
115.0   97.0   133.0   431.5   395.0   468.0   0.0026236
115.0   97.0   133.0   508.0   468.0   548.0   -0.0017103
115.0   97.0   133.0   593.0   548.0   638.0   6.19e-06
115.0   97.0   133.0   687.5   638.0   737.0   -0.00064879
115.0   97.0   133.0   791.5   737.0   846.0   -0.00026946
115.0   97.0   133.0   906.5   846.0   967.0   -0.00032538
115.0   97.0   133.0   1034.0   967.0   1101.0   -0.00018301
115.0   97.0   133.0   1174.5   1101.0   1248.0   -0.00013555
115.0   97.0   133.0   1329.0   1248.0   1410.0   -7.8651e-05
115.0   97.0   133.0   1499.0   1410.0   1588.0   -5.9746e-05
115.0   97.0   133.0   1686.0   1588.0   1784.0   -3.0282e-05
115.0   97.0   133.0   1892.0   1784.0   2000.0   -2.6247e-05
115.0   97.0   133.0   2119.0   2000.0   2238.0   -1.245e-05
115.0   97.0   133.0   2369.0   2238.0   2500.0   -8.602e-06
115.0   97.0   133.0   2643.5   2500.0   2787.0   -5.4227e-07
115.0   97.0   133.0   2945.0   2787.0   3103.0   -2.4508e-06
153.5   133.0   174.0   115.0   97.0   133.0   -0.42617
153.5   133.0   174.0   153.5   133.0   174.0   1.0
153.5   133.0   174.0   197.0   174.0   220.0   -0.29766
153.5   133.0   174.0   246.0   220.0   272.0   0.1069
153.5   133.0   174.0   301.0   272.0   330.0   -0.047934
153.5   133.0   174.0   362.5   330.0   395.0   0.021133
153.5   133.0   174.0   431.5   395.0   468.0   -0.0081072
153.5   133.0   174.0   508.0   468.0   548.0   0.0032371
153.5   133.0   174.0   593.0   548.0   638.0   -0.00094373
153.5   133.0   174.0   687.5   638.0   737.0   0.00063006
153.5   133.0   174.0   791.5   737.0   846.0   -2.8796e-05
153.5   133.0   174.0   906.5   846.0   967.0   0.00018655
153.5   133.0   174.0   1034.0   967.0   1101.0   5.5258e-05
153.5   133.0   174.0   1174.5   1101.0   1248.0   6.2597e-05
153.5   133.0   174.0   1329.0   1248.0   1410.0   2.9446e-05
153.5   133.0   174.0   1499.0   1410.0   1588.0   2.5432e-05
153.5   133.0   174.0   1686.0   1588.0   1784.0   1.1989e-05
153.5   133.0   174.0   1892.0   1784.0   2000.0   1.0888e-05
153.5   133.0   174.0   2119.0   2000.0   2238.0   5.0111e-06
153.5   133.0   174.0   2369.0   2238.0   2500.0   3.5353e-06
153.5   133.0   174.0   2643.5   2500.0   2787.0   2.0068e-07
153.5   133.0   174.0   2945.0   2787.0   3103.0   9.8287e-07
197.0   174.0   220.0   115.0   97.0   133.0   0.11758
197.0   174.0   220.0   153.5   133.0   174.0   -0.29766
197.0   174.0   220.0   197.0   174.0   220.0   1.0
197.0   174.0   220.0   246.0   220.0   272.0   -0.43149
197.0   174.0   220.0   301.0   272.0   330.0   0.19946
197.0   174.0   220.0   362.5   330.0   395.0   -0.086205
197.0   174.0   220.0   431.5   395.0   468.0   0.034587
197.0   174.0   220.0   508.0   468.0   548.0   -0.012575
197.0   174.0   220.0   593.0   548.0   638.0   0.0046301
197.0   174.0   220.0   687.5   638.0   737.0   -0.0018456
197.0   174.0   220.0   791.5   737.0   846.0   0.00066178
197.0   174.0   220.0   906.5   846.0   967.0   -0.00028779
197.0   174.0   220.0   1034.0   967.0   1101.0   8.2158e-05
197.0   174.0   220.0   1174.5   1101.0   1248.0   -4.5185e-05
197.0   174.0   220.0   1329.0   1248.0   1410.0   7.6412e-06
197.0   174.0   220.0   1499.0   1410.0   1588.0   -9.3027e-06
197.0   174.0   220.0   1686.0   1588.0   1784.0   -1.6577e-07
197.0   174.0   220.0   1892.0   1784.0   2000.0   -2.6052e-06
197.0   174.0   220.0   2119.0   2000.0   2238.0   -5.7137e-07
197.0   174.0   220.0   2369.0   2238.0   2500.0   -6.6617e-07
197.0   174.0   220.0   2643.5   2500.0   2787.0   1.4118e-07
197.0   174.0   220.0   2945.0   2787.0   3103.0   -9.0783e-08
246.0   220.0   272.0   115.0   97.0   133.0   -0.04149
246.0   220.0   272.0   153.5   133.0   174.0   0.1069
246.0   220.0   272.0   197.0   174.0   220.0   -0.43149
246.0   220.0   272.0   246.0   220.0   272.0   1.0
246.0   220.0   272.0   301.0   272.0   330.0   -0.49707
246.0   220.0   272.0   362.5   330.0   395.0   0.21652
246.0   220.0   272.0   431.5   395.0   468.0   -0.086899
246.0   220.0   272.0   508.0   468.0   548.0   0.031599
246.0   220.0   272.0   593.0   548.0   638.0   -0.01167
246.0   220.0   272.0   687.5   638.0   737.0   0.0045684
246.0   220.0   272.0   791.5   737.0   846.0   -0.0017004
246.0   220.0   272.0   906.5   846.0   967.0   0.00068378
246.0   220.0   272.0   1034.0   967.0   1101.0   -0.00022836
246.0   220.0   272.0   1174.5   1101.0   1248.0   9.7516e-05
246.0   220.0   272.0   1329.0   1248.0   1410.0   -2.8016e-05
246.0   220.0   272.0   1499.0   1410.0   1588.0   1.6426e-05
246.0   220.0   272.0   1686.0   1588.0   1784.0   -2.8698e-06
246.0   220.0   272.0   1892.0   1784.0   2000.0   3.4168e-06
246.0   220.0   272.0   2119.0   2000.0   2238.0   2.5043e-08
246.0   220.0   272.0   2369.0   2238.0   2500.0   7.6019e-07
246.0   220.0   272.0   2643.5   2500.0   2787.0   -3.3516e-07
246.0   220.0   272.0   2945.0   2787.0   3103.0   1.3307e-07
301.0   272.0   330.0   115.0   97.0   133.0   0.017975
301.0   272.0   330.0   153.5   133.0   174.0   -0.047934
301.0   272.0   330.0   197.0   174.0   220.0   0.19946
301.0   272.0   330.0   246.0   220.0   272.0   -0.49707
301.0   272.0   330.0   301.0   272.0   330.0   1.0
301.0   272.0   330.0   362.5   330.0   395.0   -0.50299
301.0   272.0   330.0   431.5   395.0   468.0   0.20394
301.0   272.0   330.0   508.0   468.0   548.0   -0.073641
301.0   272.0   330.0   593.0   548.0   638.0   0.026926
301.0   272.0   330.0   687.5   638.0   737.0   -0.010537
301.0   272.0   330.0   791.5   737.0   846.0   0.0040259
301.0   272.0   330.0   906.5   846.0   967.0   -0.0015459
301.0   272.0   330.0   1034.0   967.0   1101.0   0.00057091
301.0   272.0   330.0   1174.5   1101.0   1248.0   -0.00020703
301.0   272.0   330.0   1329.0   1248.0   1410.0   8.1798e-05
301.0   272.0   330.0   1499.0   1410.0   1588.0   -2.8397e-05
301.0   272.0   330.0   1686.0   1588.0   1784.0   1.2712e-05
301.0   272.0   330.0   1892.0   1784.0   2000.0   -3.5019e-06
301.0   272.0   330.0   2119.0   2000.0   2238.0   2.1362e-06
301.0   272.0   330.0   2369.0   2238.0   2500.0   -1.5541e-07
301.0   272.0   330.0   2643.5   2500.0   2787.0   1.3619e-06
301.0   272.0   330.0   2945.0   2787.0   3103.0   -9.683e-08
362.5   330.0   395.0   115.0   97.0   133.0   -0.0087238
362.5   330.0   395.0   153.5   133.0   174.0   0.021133
362.5   330.0   395.0   197.0   174.0   220.0   -0.086205
362.5   330.0   395.0   246.0   220.0   272.0   0.21652
362.5   330.0   395.0   301.0   272.0   330.0   -0.50299
362.5   330.0   395.0   362.5   330.0   395.0   1.0
362.5   330.0   395.0   431.5   395.0   468.0   -0.49505
362.5   330.0   395.0   508.0   468.0   548.0   0.18118
362.5   330.0   395.0   593.0   548.0   638.0   -0.065806
362.5   330.0   395.0   687.5   638.0   737.0   0.025947
362.5   330.0   395.0   791.5   737.0   846.0   -0.009935
362.5   330.0   395.0   906.5   846.0   967.0   0.0037795
362.5   330.0   395.0   1034.0   967.0   1101.0   -0.0013772
362.5   330.0   395.0   1174.5   1101.0   1248.0   0.0005384
362.5   330.0   395.0   1329.0   1248.0   1410.0   -0.00018752
362.5   330.0   395.0   1499.0   1410.0   1588.0   8.1905e-05
362.5   330.0   395.0   1686.0   1588.0   1784.0   -2.5207e-05
362.5   330.0   395.0   1892.0   1784.0   2000.0   1.3e-05
362.5   330.0   395.0   2119.0   2000.0   2238.0   -2.4265e-06
362.5   330.0   395.0   2369.0   2238.0   2500.0   1.772e-06
362.5   330.0   395.0   2643.5   2500.0   2787.0   -1.4606e-06
362.5   330.0   395.0   2945.0   2787.0   3103.0   9.5663e-07
431.5   395.0   468.0   115.0   97.0   133.0   0.0026236
431.5   395.0   468.0   153.5   133.0   174.0   -0.0081072
431.5   395.0   468.0   197.0   174.0   220.0   0.034587
431.5   395.0   468.0   246.0   220.0   272.0   -0.086899
431.5   395.0   468.0   301.0   272.0   330.0   0.20394
431.5   395.0   468.0   362.5   330.0   395.0   -0.49505
431.5   395.0   468.0   431.5   395.0   468.0   1.0
431.5   395.0   468.0   508.0   468.0   548.0   -0.45583
431.5   395.0   468.0   593.0   548.0   638.0   0.16805
431.5   395.0   468.0   687.5   638.0   737.0   -0.06625
431.5   395.0   468.0   791.5   737.0   846.0   0.025552
431.5   395.0   468.0   906.5   846.0   967.0   -0.0095377
431.5   395.0   468.0   1034.0   967.0   1101.0   0.0036319
431.5   395.0   468.0   1174.5   1101.0   1248.0   -0.0013219
431.5   395.0   468.0   1329.0   1248.0   1410.0   0.00052782
431.5   395.0   468.0   1499.0   1410.0   1588.0   -0.00018382
431.5   395.0   468.0   1686.0   1588.0   1784.0   7.92e-05
431.5   395.0   468.0   1892.0   1784.0   2000.0   -2.0986e-05
431.5   395.0   468.0   2119.0   2000.0   2238.0   1.2382e-05
431.5   395.0   468.0   2369.0   2238.0   2500.0   -2.901e-06
431.5   395.0   468.0   2643.5   2500.0   2787.0   6.1538e-06
431.5   395.0   468.0   2945.0   2787.0   3103.0   -3.087e-06
508.0   468.0   548.0   115.0   97.0   133.0   -0.0017103
508.0   468.0   548.0   153.5   133.0   174.0   0.0032371
508.0   468.0   548.0   197.0   174.0   220.0   -0.012575
508.0   468.0   548.0   246.0   220.0   272.0   0.031599
508.0   468.0   548.0   301.0   272.0   330.0   -0.073641
508.0   468.0   548.0   362.5   330.0   395.0   0.18118
508.0   468.0   548.0   431.5   395.0   468.0   -0.45583
508.0   468.0   548.0   508.0   468.0   548.0   1.0
508.0   468.0   548.0   593.0   548.0   638.0   -0.46238
508.0   468.0   548.0   687.5   638.0   737.0   0.18421
508.0   468.0   548.0   791.5   737.0   846.0   -0.070752
508.0   468.0   548.0   906.5   846.0   967.0   0.026728
508.0   468.0   548.0   1034.0   967.0   1101.0   -0.0098744
508.0   468.0   548.0   1174.5   1101.0   1248.0   0.0037843
508.0   468.0   548.0   1329.0   1248.0   1410.0   -0.0013678
508.0   468.0   548.0   1499.0   1410.0   1588.0   0.0005538
508.0   468.0   548.0   1686.0   1588.0   1784.0   -0.00017113
508.0   468.0   548.0   1892.0   1784.0   2000.0   6.7464e-05
508.0   468.0   548.0   2119.0   2000.0   2238.0   -1.5842e-05
508.0   468.0   548.0   2369.0   2238.0   2500.0   8.5394e-06
508.0   468.0   548.0   2643.5   2500.0   2787.0   -8.3641e-06
508.0   468.0   548.0   2945.0   2787.0   3103.0   5.3497e-06
593.0   548.0   638.0   115.0   97.0   133.0   6.19e-06
593.0   548.0   638.0   153.5   133.0   174.0   -0.00094373
593.0   548.0   638.0   197.0   174.0   220.0   0.0046301
593.0   548.0   638.0   246.0   220.0   272.0   -0.01167
593.0   548.0   638.0   301.0   272.0   330.0   0.026926
593.0   548.0   638.0   362.5   330.0   395.0   -0.065806
593.0   548.0   638.0   431.5   395.0   468.0   0.16805
593.0   548.0   638.0   508.0   468.0   548.0   -0.46238
593.0   548.0   638.0   593.0   548.0   638.0   1.0
593.0   548.0   638.0   687.5   638.0   737.0   -0.49627
593.0   548.0   638.0   791.5   737.0   846.0   0.19307
593.0   548.0   638.0   906.5   846.0   967.0   -0.072221
593.0   548.0   638.0   1034.0   967.0   1101.0   0.027294
593.0   548.0   638.0   1174.5   1101.0   1248.0   -0.0099646
593.0   548.0   638.0   1329.0   1248.0   1410.0   0.0038712
593.0   548.0   638.0   1499.0   1410.0   1588.0   -0.0013664
593.0   548.0   638.0   1686.0   1588.0   1784.0   0.00053005
593.0   548.0   638.0   1892.0   1784.0   2000.0   -0.00013857
593.0   548.0   638.0   2119.0   2000.0   2238.0   5.9011e-05
593.0   548.0   638.0   2369.0   2238.0   2500.0   -1.1133e-05
593.0   548.0   638.0   2643.5   2500.0   2787.0   3.2218e-05
593.0   548.0   638.0   2945.0   2787.0   3103.0   -1.7672e-05
687.5   638.0   737.0   115.0   97.0   133.0   -0.00064879
687.5   638.0   737.0   153.5   133.0   174.0   0.00063006
687.5   638.0   737.0   197.0   174.0   220.0   -0.0018456
687.5   638.0   737.0   246.0   220.0   272.0   0.0045684
687.5   638.0   737.0   301.0   272.0   330.0   -0.010537
687.5   638.0   737.0   362.5   330.0   395.0   0.025947
687.5   638.0   737.0   431.5   395.0   468.0   -0.06625
687.5   638.0   737.0   508.0   468.0   548.0   0.18421
687.5   638.0   737.0   593.0   548.0   638.0   -0.49627
687.5   638.0   737.0   687.5   638.0   737.0   1.0
687.5   638.0   737.0   791.5   737.0   846.0   -0.4794
687.5   638.0   737.0   906.5   846.0   967.0   0.18381
687.5   638.0   737.0   1034.0   967.0   1101.0   -0.067943
687.5   638.0   737.0   1174.5   1101.0   1248.0   0.025937
687.5   638.0   737.0   1329.0   1248.0   1410.0   -0.0093461
687.5   638.0   737.0   1499.0   1410.0   1588.0   0.0037137
687.5   638.0   737.0   1686.0   1588.0   1784.0   -0.0011833
687.5   638.0   737.0   1892.0   1784.0   2000.0   0.00047903
687.5   638.0   737.0   2119.0   2000.0   2238.0   -0.00011525
687.5   638.0   737.0   2369.0   2238.0   2500.0   6.1469e-05
687.5   638.0   737.0   2643.5   2500.0   2787.0   -4.3605e-05
687.5   638.0   737.0   2945.0   2787.0   3103.0   3.6054e-05
791.5   737.0   846.0   115.0   97.0   133.0   -0.00026946
791.5   737.0   846.0   153.5   133.0   174.0   -2.8796e-05
791.5   737.0   846.0   197.0   174.0   220.0   0.00066178
791.5   737.0   846.0   246.0   220.0   272.0   -0.0017004
791.5   737.0   846.0   301.0   272.0   330.0   0.0040259
791.5   737.0   846.0   362.5   330.0   395.0   -0.009935
791.5   737.0   846.0   431.5   395.0   468.0   0.025552
791.5   737.0   846.0   508.0   468.0   548.0   -0.070752
791.5   737.0   846.0   593.0   548.0   638.0   0.19307
791.5   737.0   846.0   687.5   638.0   737.0   -0.4794
791.5   737.0   846.0   791.5   737.0   846.0   1.0
791.5   737.0   846.0   906.5   846.0   967.0   -0.46179
791.5   737.0   846.0   1034.0   967.0   1101.0   0.17766
791.5   737.0   846.0   1174.5   1101.0   1248.0   -0.064995
791.5   737.0   846.0   1329.0   1248.0   1410.0   0.025094
791.5   737.0   846.0   1499.0   1410.0   1588.0   -0.0089541
791.5   737.0   846.0   1686.0   1588.0   1784.0   0.0033931
791.5   737.0   846.0   1892.0   1784.0   2000.0   -0.0010927
791.5   737.0   846.0   2119.0   2000.0   2238.0   0.00044764
791.5   737.0   846.0   2369.0   2238.0   2500.0   -0.00016602
791.5   737.0   846.0   2643.5   2500.0   2787.0   0.00018225
791.5   737.0   846.0   2945.0   2787.0   3103.0   -0.00011657
906.5   846.0   967.0   115.0   97.0   133.0   -0.00032538
906.5   846.0   967.0   153.5   133.0   174.0   0.00018655
906.5   846.0   967.0   197.0   174.0   220.0   -0.00028779
906.5   846.0   967.0   246.0   220.0   272.0   0.00068378
906.5   846.0   967.0   301.0   272.0   330.0   -0.0015459
906.5   846.0   967.0   362.5   330.0   395.0   0.0037795
906.5   846.0   967.0   431.5   395.0   468.0   -0.0095377
906.5   846.0   967.0   508.0   468.0   548.0   0.026728
906.5   846.0   967.0   593.0   548.0   638.0   -0.072221
906.5   846.0   967.0   687.5   638.0   737.0   0.18381
906.5   846.0   967.0   791.5   737.0   846.0   -0.46179
906.5   846.0   967.0   906.5   846.0   967.0   1.0
906.5   846.0   967.0   1034.0   967.0   1101.0   -0.43436
906.5   846.0   967.0   1174.5   1101.0   1248.0   0.1683
906.5   846.0   967.0   1329.0   1248.0   1410.0   -0.060812
906.5   846.0   967.0   1499.0   1410.0   1588.0   0.023642
906.5   846.0   967.0   1686.0   1588.0   1784.0   -0.0078875
906.5   846.0   967.0   1892.0   1784.0   2000.0   0.00323
906.5   846.0   967.0   2119.0   2000.0   2238.0   -0.00092063
906.5   846.0   967.0   2369.0   2238.0   2500.0   0.00056824
906.5   846.0   967.0   2643.5   2500.0   2787.0   -0.00034641
906.5   846.0   967.0   2945.0   2787.0   3103.0   0.00025899
1034.0   967.0   1101.0   115.0   97.0   133.0   -0.00018301
1034.0   967.0   1101.0   153.5   133.0   174.0   5.5258e-05
1034.0   967.0   1101.0   197.0   174.0   220.0   8.2158e-05
1034.0   967.0   1101.0   246.0   220.0   272.0   -0.00022836
1034.0   967.0   1101.0   301.0   272.0   330.0   0.00057091
1034.0   967.0   1101.0   362.5   330.0   395.0   -0.0013772
1034.0   967.0   1101.0   431.5   395.0   468.0   0.0036319
1034.0   967.0   1101.0   508.0   468.0   548.0   -0.0098744
1034.0   967.0   1101.0   593.0   548.0   638.0   0.027294
1034.0   967.0   1101.0   687.5   638.0   737.0   -0.067943
1034.0   967.0   1101.0   791.5   737.0   846.0   0.17766
1034.0   967.0   1101.0   906.5   846.0   967.0   -0.43436
1034.0   967.0   1101.0   1034.0   967.0   1101.0   1.0
1034.0   967.0   1101.0   1174.5   1101.0   1248.0   -0.40905
1034.0   967.0   1101.0   1329.0   1248.0   1410.0   0.15985
1034.0   967.0   1101.0   1499.0   1410.0   1588.0   -0.056666
1034.0   967.0   1101.0   1686.0   1588.0   1784.0   0.021192
1034.0   967.0   1101.0   1892.0   1784.0   2000.0   -0.0071135
1034.0   967.0   1101.0   2119.0   2000.0   2238.0   0.0026615
1034.0   967.0   1101.0   2369.0   2238.0   2500.0   -0.00095405
1034.0   967.0   1101.0   2643.5   2500.0   2787.0   0.0005712
1034.0   967.0   1101.0   2945.0   2787.0   3103.0   -0.00021475
1174.5   1101.0   1248.0   115.0   97.0   133.0   -0.00013555
1174.5   1101.0   1248.0   153.5   133.0   174.0   6.2597e-05
1174.5   1101.0   1248.0   197.0   174.0   220.0   -4.5185e-05
1174.5   1101.0   1248.0   246.0   220.0   272.0   9.7516e-05
1174.5   1101.0   1248.0   301.0   272.0   330.0   -0.00020703
1174.5   1101.0   1248.0   362.5   330.0   395.0   0.0005384
1174.5   1101.0   1248.0   431.5   395.0   468.0   -0.0013219
1174.5   1101.0   1248.0   508.0   468.0   548.0   0.0037843
1174.5   1101.0   1248.0   593.0   548.0   638.0   -0.0099646
1174.5   1101.0   1248.0   687.5   638.0   737.0   0.025937
1174.5   1101.0   1248.0   791.5   737.0   846.0   -0.064995
1174.5   1101.0   1248.0   906.5   846.0   967.0   0.1683
1174.5   1101.0   1248.0   1034.0   967.0   1101.0   -0.40905
1174.5   1101.0   1248.0   1174.5   1101.0   1248.0   1.0
1174.5   1101.0   1248.0   1329.0   1248.0   1410.0   -0.38905
1174.5   1101.0   1248.0   1499.0   1410.0   1588.0   0.15231
1174.5   1101.0   1248.0   1686.0   1588.0   1784.0   -0.052177
1174.5   1101.0   1248.0   1892.0   1784.0   2000.0   0.019999
1174.5   1101.0   1248.0   2119.0   2000.0   2238.0   -0.0063256
1174.5   1101.0   1248.0   2369.0   2238.0   2500.0   0.0024488
1174.5   1101.0   1248.0   2643.5   2500.0   2787.0   -0.00095433
1174.5   1101.0   1248.0   2945.0   2787.0   3103.0   0.00038287
1329.0   1248.0   1410.0   115.0   97.0   133.0   -7.8651e-05
1329.0   1248.0   1410.0   153.5   133.0   174.0   2.9446e-05
1329.0   1248.0   1410.0   197.0   174.0   220.0   7.6412e-06
1329.0   1248.0   1410.0   246.0   220.0   272.0   -2.8016e-05
1329.0   1248.0   1410.0   301.0   272.0   330.0   8.1798e-05
1329.0   1248.0   1410.0   362.5   330.0   395.0   -0.00018752
1329.0   1248.0   1410.0   431.5   395.0   468.0   0.00052782
1329.0   1248.0   1410.0   508.0   468.0   548.0   -0.0013678
1329.0   1248.0   1410.0   593.0   548.0   638.0   0.0038712
1329.0   1248.0   1410.0   687.5   638.0   737.0   -0.0093461
1329.0   1248.0   1410.0   791.5   737.0   846.0   0.025094
1329.0   1248.0   1410.0   906.5   846.0   967.0   -0.060812
1329.0   1248.0   1410.0   1034.0   967.0   1101.0   0.15985
1329.0   1248.0   1410.0   1174.5   1101.0   1248.0   -0.38905
1329.0   1248.0   1410.0   1329.0   1248.0   1410.0   1.0
1329.0   1248.0   1410.0   1499.0   1410.0   1588.0   -0.37865
1329.0   1248.0   1410.0   1686.0   1588.0   1784.0   0.14409
1329.0   1248.0   1410.0   1892.0   1784.0   2000.0   -0.049857
1329.0   1248.0   1410.0   2119.0   2000.0   2238.0   0.018402
1329.0   1248.0   1410.0   2369.0   2238.0   2500.0   -0.0061888
1329.0   1248.0   1410.0   2643.5   2500.0   2787.0   0.0026652
1329.0   1248.0   1410.0   2945.0   2787.0   3103.0   -0.0003426
1499.0   1410.0   1588.0   115.0   97.0   133.0   -5.9746e-05
1499.0   1410.0   1588.0   153.5   133.0   174.0   2.5432e-05
1499.0   1410.0   1588.0   197.0   174.0   220.0   -9.3027e-06
1499.0   1410.0   1588.0   246.0   220.0   272.0   1.6426e-05
1499.0   1410.0   1588.0   301.0   272.0   330.0   -2.8397e-05
1499.0   1410.0   1588.0   362.5   330.0   395.0   8.1905e-05
1499.0   1410.0   1588.0   431.5   395.0   468.0   -0.00018382
1499.0   1410.0   1588.0   508.0   468.0   548.0   0.0005538
1499.0   1410.0   1588.0   593.0   548.0   638.0   -0.0013664
1499.0   1410.0   1588.0   687.5   638.0   737.0   0.0037137
1499.0   1410.0   1588.0   791.5   737.0   846.0   -0.0089541
1499.0   1410.0   1588.0   906.5   846.0   967.0   0.023642
1499.0   1410.0   1588.0   1034.0   967.0   1101.0   -0.056666
1499.0   1410.0   1588.0   1174.5   1101.0   1248.0   0.15231
1499.0   1410.0   1588.0   1329.0   1248.0   1410.0   -0.37865
1499.0   1410.0   1588.0   1499.0   1410.0   1588.0   1.0
1499.0   1410.0   1588.0   1686.0   1588.0   1784.0   -0.35954
1499.0   1410.0   1588.0   1892.0   1784.0   2000.0   0.14053
1499.0   1410.0   1588.0   2119.0   2000.0   2238.0   -0.046649
1499.0   1410.0   1588.0   2369.0   2238.0   2500.0   0.017193
1499.0   1410.0   1588.0   2643.5   2500.0   2787.0   -0.0075735
1499.0   1410.0   1588.0   2945.0   2787.0   3103.0   0.0021397
1686.0   1588.0   1784.0   115.0   97.0   133.0   -3.0282e-05
1686.0   1588.0   1784.0   153.5   133.0   174.0   1.1989e-05
1686.0   1588.0   1784.0   197.0   174.0   220.0   -1.6577e-07
1686.0   1588.0   1784.0   246.0   220.0   272.0   -2.8698e-06
1686.0   1588.0   1784.0   301.0   272.0   330.0   1.2712e-05
1686.0   1588.0   1784.0   362.5   330.0   395.0   -2.5207e-05
1686.0   1588.0   1784.0   431.5   395.0   468.0   7.92e-05
1686.0   1588.0   1784.0   508.0   468.0   548.0   -0.00017113
1686.0   1588.0   1784.0   593.0   548.0   638.0   0.00053005
1686.0   1588.0   1784.0   687.5   638.0   737.0   -0.0011833
1686.0   1588.0   1784.0   791.5   737.0   846.0   0.0033931
1686.0   1588.0   1784.0   906.5   846.0   967.0   -0.0078875
1686.0   1588.0   1784.0   1034.0   967.0   1101.0   0.021192
1686.0   1588.0   1784.0   1174.5   1101.0   1248.0   -0.052177
1686.0   1588.0   1784.0   1329.0   1248.0   1410.0   0.14409
1686.0   1588.0   1784.0   1499.0   1410.0   1588.0   -0.35954
1686.0   1588.0   1784.0   1686.0   1588.0   1784.0   1.0
1686.0   1588.0   1784.0   1892.0   1784.0   2000.0   -0.36266
1686.0   1588.0   1784.0   2119.0   2000.0   2238.0   0.1351
1686.0   1588.0   1784.0   2369.0   2238.0   2500.0   -0.04584
1686.0   1588.0   1784.0   2643.5   2500.0   2787.0   0.021722
1686.0   1588.0   1784.0   2945.0   2787.0   3103.0   -0.006482
1892.0   1784.0   2000.0   115.0   97.0   133.0   -2.6247e-05
1892.0   1784.0   2000.0   153.5   133.0   174.0   1.0888e-05
1892.0   1784.0   2000.0   197.0   174.0   220.0   -2.6052e-06
1892.0   1784.0   2000.0   246.0   220.0   272.0   3.4168e-06
1892.0   1784.0   2000.0   301.0   272.0   330.0   -3.5019e-06
1892.0   1784.0   2000.0   362.5   330.0   395.0   1.3e-05
1892.0   1784.0   2000.0   431.5   395.0   468.0   -2.0986e-05
1892.0   1784.0   2000.0   508.0   468.0   548.0   6.7464e-05
1892.0   1784.0   2000.0   593.0   548.0   638.0   -0.00013857
1892.0   1784.0   2000.0   687.5   638.0   737.0   0.00047903
1892.0   1784.0   2000.0   791.5   737.0   846.0   -0.0010927
1892.0   1784.0   2000.0   906.5   846.0   967.0   0.00323
1892.0   1784.0   2000.0   1034.0   967.0   1101.0   -0.0071135
1892.0   1784.0   2000.0   1174.5   1101.0   1248.0   0.019999
1892.0   1784.0   2000.0   1329.0   1248.0   1410.0   -0.049857
1892.0   1784.0   2000.0   1499.0   1410.0   1588.0   0.14053
1892.0   1784.0   2000.0   1686.0   1588.0   1784.0   -0.36266
1892.0   1784.0   2000.0   1892.0   1784.0   2000.0   1.0
1892.0   1784.0   2000.0   2119.0   2000.0   2238.0   -0.34121
1892.0   1784.0   2000.0   2369.0   2238.0   2500.0   0.1237
1892.0   1784.0   2000.0   2643.5   2500.0   2787.0   -0.047492
1892.0   1784.0   2000.0   2945.0   2787.0   3103.0   0.016554
2119.0   2000.0   2238.0   115.0   97.0   133.0   -1.245e-05
2119.0   2000.0   2238.0   153.5   133.0   174.0   5.0111e-06
2119.0   2000.0   2238.0   197.0   174.0   220.0   -5.7137e-07
2119.0   2000.0   2238.0   246.0   220.0   272.0   2.5043e-08
2119.0   2000.0   2238.0   301.0   272.0   330.0   2.1362e-06
2119.0   2000.0   2238.0   362.5   330.0   395.0   -2.4265e-06
2119.0   2000.0   2238.0   431.5   395.0   468.0   1.2382e-05
2119.0   2000.0   2238.0   508.0   468.0   548.0   -1.5842e-05
2119.0   2000.0   2238.0   593.0   548.0   638.0   5.9011e-05
2119.0   2000.0   2238.0   687.5   638.0   737.0   -0.00011525
2119.0   2000.0   2238.0   791.5   737.0   846.0   0.00044764
2119.0   2000.0   2238.0   906.5   846.0   967.0   -0.00092063
2119.0   2000.0   2238.0   1034.0   967.0   1101.0   0.0026615
2119.0   2000.0   2238.0   1174.5   1101.0   1248.0   -0.0063256
2119.0   2000.0   2238.0   1329.0   1248.0   1410.0   0.018402
2119.0   2000.0   2238.0   1499.0   1410.0   1588.0   -0.046649
2119.0   2000.0   2238.0   1686.0   1588.0   1784.0   0.1351
2119.0   2000.0   2238.0   1892.0   1784.0   2000.0   -0.34121
2119.0   2000.0   2238.0   2119.0   2000.0   2238.0   1.0
2119.0   2000.0   2238.0   2369.0   2238.0   2500.0   -0.33274
2119.0   2000.0   2238.0   2643.5   2500.0   2787.0   0.1357
2119.0   2000.0   2238.0   2945.0   2787.0   3103.0   -0.048074
2369.0   2238.0   2500.0   115.0   97.0   133.0   -8.602e-06
2369.0   2238.0   2500.0   153.5   133.0   174.0   3.5353e-06
2369.0   2238.0   2500.0   197.0   174.0   220.0   -6.6617e-07
2369.0   2238.0   2500.0   246.0   220.0   272.0   7.6019e-07
2369.0   2238.0   2500.0   301.0   272.0   330.0   -1.5541e-07
2369.0   2238.0   2500.0   362.5   330.0   395.0   1.772e-06
2369.0   2238.0   2500.0   431.5   395.0   468.0   -2.901e-06
2369.0   2238.0   2500.0   508.0   468.0   548.0   8.5394e-06
2369.0   2238.0   2500.0   593.0   548.0   638.0   -1.1133e-05
2369.0   2238.0   2500.0   687.5   638.0   737.0   6.1469e-05
2369.0   2238.0   2500.0   791.5   737.0   846.0   -0.00016602
2369.0   2238.0   2500.0   906.5   846.0   967.0   0.00056824
2369.0   2238.0   2500.0   1034.0   967.0   1101.0   -0.00095405
2369.0   2238.0   2500.0   1174.5   1101.0   1248.0   0.0024488
2369.0   2238.0   2500.0   1329.0   1248.0   1410.0   -0.0061888
2369.0   2238.0   2500.0   1499.0   1410.0   1588.0   0.017193
2369.0   2238.0   2500.0   1686.0   1588.0   1784.0   -0.04584
2369.0   2238.0   2500.0   1892.0   1784.0   2000.0   0.1237
2369.0   2238.0   2500.0   2119.0   2000.0   2238.0   -0.33274
2369.0   2238.0   2500.0   2369.0   2238.0   2500.0   1.0
2369.0   2238.0   2500.0   2643.5   2500.0   2787.0   -0.31345
2369.0   2238.0   2500.0   2945.0   2787.0   3103.0   0.12181
2643.5   2500.0   2787.0   115.0   97.0   133.0   -5.4227e-07
2643.5   2500.0   2787.0   153.5   133.0   174.0   2.0068e-07
2643.5   2500.0   2787.0   197.0   174.0   220.0   1.4118e-07
2643.5   2500.0   2787.0   246.0   220.0   272.0   -3.3516e-07
2643.5   2500.0   2787.0   301.0   272.0   330.0   1.3619e-06
2643.5   2500.0   2787.0   362.5   330.0   395.0   -1.4606e-06
2643.5   2500.0   2787.0   431.5   395.0   468.0   6.1538e-06
2643.5   2500.0   2787.0   508.0   468.0   548.0   -8.3641e-06
2643.5   2500.0   2787.0   593.0   548.0   638.0   3.2218e-05
2643.5   2500.0   2787.0   687.5   638.0   737.0   -4.3605e-05
2643.5   2500.0   2787.0   791.5   737.0   846.0   0.00018225
2643.5   2500.0   2787.0   906.5   846.0   967.0   -0.00034641
2643.5   2500.0   2787.0   1034.0   967.0   1101.0   0.0005712
2643.5   2500.0   2787.0   1174.5   1101.0   1248.0   -0.00095433
2643.5   2500.0   2787.0   1329.0   1248.0   1410.0   0.0026652
2643.5   2500.0   2787.0   1499.0   1410.0   1588.0   -0.0075735
2643.5   2500.0   2787.0   1686.0   1588.0   1784.0   0.021722
2643.5   2500.0   2787.0   1892.0   1784.0   2000.0   -0.047492
2643.5   2500.0   2787.0   2119.0   2000.0   2238.0   0.1357
2643.5   2500.0   2787.0   2369.0   2238.0   2500.0   -0.31345
2643.5   2500.0   2787.0   2643.5   2500.0   2787.0   1.0
2643.5   2500.0   2787.0   2945.0   2787.0   3103.0   -0.34886
2945.0   2787.0   3103.0   115.0   97.0   133.0   -2.4508e-06
2945.0   2787.0   3103.0   153.5   133.0   174.0   9.8287e-07
2945.0   2787.0   3103.0   197.0   174.0   220.0   -9.0783e-08
2945.0   2787.0   3103.0   246.0   220.0   272.0   1.3307e-07
2945.0   2787.0   3103.0   301.0   272.0   330.0   -9.683e-08
2945.0   2787.0   3103.0   362.5   330.0   395.0   9.5663e-07
2945.0   2787.0   3103.0   431.5   395.0   468.0   -3.087e-06
2945.0   2787.0   3103.0   508.0   468.0   548.0   5.3497e-06
2945.0   2787.0   3103.0   593.0   548.0   638.0   -1.7672e-05
2945.0   2787.0   3103.0   687.5   638.0   737.0   3.6054e-05
2945.0   2787.0   3103.0   791.5   737.0   846.0   -0.00011657
2945.0   2787.0   3103.0   906.5   846.0   967.0   0.00025899
2945.0   2787.0   3103.0   1034.0   967.0   1101.0   -0.00021475
2945.0   2787.0   3103.0   1174.5   1101.0   1248.0   0.00038287
2945.0   2787.0   3103.0   1329.0   1248.0   1410.0   -0.0003426
2945.0   2787.0   3103.0   1499.0   1410.0   1588.0   0.0021397
2945.0   2787.0   3103.0   1686.0   1588.0   1784.0   -0.006482
2945.0   2787.0   3103.0   1892.0   1784.0   2000.0   0.016554
2945.0   2787.0   3103.0   2119.0   2000.0   2238.0   -0.048074
2945.0   2787.0   3103.0   2369.0   2238.0   2500.0   0.12181
2945.0   2787.0   3103.0   2643.5   2500.0   2787.0   -0.34886
2945.0   2787.0   3103.0   2945.0   2787.0   3103.0   1.0
