*******************************************************************************************
SetName: HERACOMBNCEP920
Author: James Moore jmm232@cam.ac.uk
Date: 2020
CodesUsed: APFEL (apfel4eft branch)
TheoryInput: Gmu EW input scheme
PDFset: NNPDF31_nnlo_as_0118
Warnings: For PDF4EFT project.
Operator: W
Coefficient: 1.0
InputParameters: G_F = 1.1663787e-5 GeV-2, m_Z = 91.1876 GeV, m_W = 80.398 GeV, Gamma_Z = 2.4952 GeV, Gamma_W = 2.085 GeV
Notes: Correction is for electron channel. SMEFT contribution is linearised and includes SMEFT x QCD effects.
********************************************************************************************
1.0    0.00000
1.0    0.00000
1.0    0.00000
1.0    0.00000
1.0    0.00000
1.0    0.00000
1.0    0.00000
1.0    0.00000
1.0    0.00000
1.0    0.00000
1.0    0.00000
1.0    0.00000
1.0    0.00000
1.0    0.00000
1.0    0.00000
1.0    0.00000
1.0    0.00000
1.0    0.00000
1.0    0.00000
1.0    0.00000
1.0    0.00000
1.0    0.00000
1.0    0.00000
1.0    0.00000
1.0    0.00000
1.0    0.00000
1.0    0.00000
1.0    0.00000
1.0    0.00000
1.0    0.00000
1.0    0.00000
1.0    0.00000
1.0    0.00000
1.0    0.00000
1.0    0.00000
1.0    0.00000
1.0    0.00000
1.0    0.00000
1.0    0.00000
1.0    0.00000
1.0    0.00000
1.0    0.00000
1.0    0.00000
1.0    0.00000
1.0    0.00000
1.0    0.00000
1.0    0.00000
1.0    0.00000
1.0    0.00000
1.0    0.00000
1.0    0.00000
1.0    0.00000
1.0    0.00000
1.0    0.00000
1.0    0.00000
1.0    0.00000
1.0    0.00000
1.0    0.00000
1.0    0.00000
1.0    0.00000
1.0    0.00000
1.0    0.00000
1.0    0.00000
1.0    0.00000
1.0    0.00000
1.0    0.00000
1.0    0.00000
1.0    0.00000
1.0    0.00000
1.0    0.00000
1.0    0.00000
1.0    0.00000
1.0    0.00000
1.0    0.00000
1.0    0.00000
1.0    0.00000
1.0    0.00000
1.0    0.00000
1.0    0.00000
1.0    0.00000
1.0    0.00000
1.0    0.00000
1.0    0.00000
1.0    0.00000
1.0    0.00000
1.0    0.00000
1.0    0.00000
1.0    0.00000
1.0    0.00000
1.0    0.00000
1.0    0.00000
1.0    0.00000
1.0    0.00000
1.0    0.00000
1.0    0.00000
1.0    0.00000
1.0    0.00000
1.0    0.00000
1.0    0.00000
1.0    0.00000
1.0    0.00000
1.0    0.00000
1.0    0.00000
1.0    0.00000
1.0    0.00000
1.0    0.00000
1.0    0.00000
1.0    0.00000
0.9994145999999695    0.00000
0.9994172999999709    0.00000
0.9994170999999543    0.00000
0.9994197999999557    0.00000
0.9994222999999405    0.00000
0.9994237000000563    0.00000
0.9994231000000067    0.00000
0.9994253999999749    0.00000
0.9994231000000067    0.00000
0.9994240000000811    0.00000
0.9994239000000729    0.00000
0.999424699999917    0.00000
0.9994179000000205    0.00000
0.9994233000000232    0.00000
0.9992497000000924    0.00000
0.9992519000000524    0.00000
0.9992518000000441    0.00000
0.9992552000001034    0.00000
0.9992549000000785    0.00000
0.9992570000000303    0.00000
0.9992584999999323    0.00000
0.9992606999998923    0.00000
0.9992585999999406    0.00000
0.9992603000000813    0.00000
0.9992574000000634    0.00000
0.9992561999999641    0.00000
0.9992553999998979    0.00000
0.9992509999999779    0.00000
0.9992551000000951    0.00000
0.9989225999998954    0.00000
0.9989232999999533    0.00000
0.998922799999912    0.00000
0.998923900000003    0.00000
0.9989242000000278    0.00000
0.9989256999999299    0.00000
0.9989285999999478    0.00000
0.9989271000000457    0.00000
0.998930500000105    0.00000
0.9989269000000291    0.00000
0.9989249000000857    0.00000
0.9989282999999229    0.00000
0.9989206999999602    0.00000
0.9989210999999933    0.00000
0.9989218000000513    0.00000
0.998932700000065    0.00000
0.9985927999999191    0.00000
0.9985918000000584    0.00000
0.9985928999999274    0.00000
0.9985940000000184    0.00000
0.9985945000000598    0.00000
0.9985962999999867    0.00000
0.9986028000000804    0.00000
0.9986007999999149    0.00000
0.9985986999999632    0.00000
0.9985986999999632    0.00000
0.9985971000000529    0.00000
0.9985925999999026    0.00000
0.9985940000000184    0.00000
0.9985944000000515    0.00000
0.9986052000000569    0.00000
0.9983519999999793    0.00000
0.9983507000000937    0.00000
0.9983506000000855    0.00000
0.9983498000000193    0.00000
0.9983460999999352    0.00000
0.9983411999999738    0.00000
0.9983571999999654    0.00000
0.9980172000000334    0.00000
0.9980202000000595    0.00000
0.9980208000001092    0.00000
0.9980205000000844    0.00000
0.9980158999999258    0.00000
0.9980215999999533    0.00000
0.998023300000094    0.00000
0.998017800000083    0.00000
0.9980177000000747    0.00000
0.9980171000000251    0.00000
0.998018899999952    0.00000
0.9980350999999601    0.00000
0.9975154000000366    0.00000
0.9975205000000145    0.00000
0.9975245999999096    0.00000
0.9975249999999427    0.00000
0.9975293000000764    0.00000
0.9975254999999841    0.00000
0.9975221999999331    0.00000
0.9975183000000545    0.00000
0.9975243000001068    0.00000
0.9975178000000131    0.00000
0.9975226999999744    0.00000
0.9975452000000598    0.00000
0.9970251000001031    0.00000
0.9970278000001045    0.00000
0.9970278000001045    0.00000
0.9970262999999804    0.00000
0.99703129999995    0.00000
0.9970299000000562    0.00000
0.9970299000000562    0.00000
0.9970259999999556    0.00000
0.99702690000003    0.00000
0.9970264999999969    0.00000
0.9970325000000493    0.00000
0.9970545000000932    0.00000
0.9963602999999424    0.00000
0.9963610000000003    0.00000
0.9963606999999755    0.00000
0.9963621000000913    0.00000
0.996366400000003    0.00000
0.9963676000001023    0.00000
0.9963683999999464    0.00000
0.9963695000000374    0.00000
0.9963694000000292    0.00000
0.9963657999999533    0.00000
0.9963691000000043    0.00000
0.9963709999999395    0.00000
0.9963848999999794    0.00000
0.9964343000000699    0.00000
0.9955304999998962    0.00000
0.9955303000001017    0.00000
0.9955305999999045    0.00000
0.9955324000000534    0.00000
0.9955409000000905    0.00000
0.9955396999999913    0.00000
0.9955447999999691    0.00000
0.9955376000000395    0.00000
0.9955426000000092    0.00000
0.9955518999998905    0.00000
0.9955672000000462    0.00000
0.9955882000000074    0.00000
0.9956261000000346    0.00000
0.9941967999999015    0.00000
0.9941994999999029    0.00000
0.9942007000000022    0.00000
0.9942035000000118    0.00000
0.9942036000000201    0.00000
0.9942054999999552    0.00000
0.9942072000000959    0.00000
0.9942099000000972    0.00000
0.994209800000089    0.00000
0.9942147000000503    0.00000
0.9942212999999303    0.00000
0.9942218999999799    0.00000
0.9942441000000404    0.00000
0.9942719999999063    0.00000
0.9943297000000175    0.00000
0.9945058999999414    0.00000
0.9925131000000356    0.00000
0.9925155000000121    0.00000
0.9925190000000796    0.00000
0.9925238000000327    0.00000
0.9925295000000602    0.00000
0.9925337999999719    0.00000
0.9925352000000878    0.00000
0.9925357999999154    0.00000
0.9925458000000766    0.00000
0.9925538000000724    0.00000
0.9925657999999551    0.00000
0.9925937000000431    0.00000
0.9926350999999158    0.00000
0.9926988000000794    0.00000
0.9928035000000826    0.00000
0.9899760999999554    0.00000
0.9899803000000809    0.00000
0.9899842999999677    0.00000
0.9899917999999222    0.00000
0.9899967000001055    0.00000
0.9900018000000834    0.00000
0.9900119000000309    0.00000
0.9900275999999977    0.00000
0.9900390000000527    0.00000
0.9900634000000732    0.00000
0.9900938999999322    0.00000
0.9901465000000655    0.00000
0.9902410999998992    0.00000
0.9903729999999324    0.00000
0.9907284000000285    0.00000
0.9882699000000041    0.00000
0.988274999999982    0.00000
0.9882795999999185    0.00000
0.9882883999999805    0.00000
0.9882912999999984    0.00000
0.98831169999991    0.00000
0.9883207999999968    0.00000
0.9883318000000187    0.00000
0.9883499999999703    0.00000
0.9883785999998942    0.00000
0.9884183000000704    0.00000
0.988480599999896    0.00000
0.9885981000000701    0.00000
0.9887558000000176    0.00000
0.9848423999999625    0.00000
0.9848540000000341    0.00000
0.9848730000000518    0.00000
0.9849204999999852    0.00000
0.9849445999999809    0.00000
0.984986499999895    0.00000
0.9850476000000654    0.00000
0.9851357000000274    0.00000
0.9852799999999764    0.00000
0.985490600000082    0.00000
0.9857341000000233    0.00000
0.9862999999999946    0.00000
0.9796052000000657    0.00000
0.9796138999998973    0.00000
0.9796272999998958    0.00000
0.979635799999933    0.00000
0.9796443999999784    0.00000
0.9796810999999064    0.00000
0.9797046000000744    0.00000
0.9797594999999539    0.00000
0.9798279000000623    0.00000
0.9799211000000021    0.00000
0.9800442999999817    0.00000
0.9802498000001094    0.00000
0.9805389000000488    0.00000
0.9808820000000154    0.00000
0.9816617999999213    0.00000
0.9742896999999076    0.00000
0.9743909000000652    0.00000
0.9744913999999429    0.00000
0.9745926000001006    0.00000
0.9747192999999257    0.00000
0.974882400000098    0.00000
0.9751492999999769    0.00000
0.975523800000099    0.00000
0.9759641999999005    0.00000
0.9769760999999146    0.00000
0.9652705999999558    0.00000
0.9653372999999235    0.00000
0.9655109000000763    0.00000
0.9656867999999754    0.00000
0.9658905999999625    0.00000
0.9661270999999907    0.00000
0.9665042000001058    0.00000
0.9670241000000459    0.00000
0.9676484999999726    0.00000
0.9684067000000898    0.00000
0.9690735999999802    0.00000
0.9697972999999074    0.00000
0.9708124999999725    0.00000
0.9560607999999906    0.00000
0.9562796000001086    0.00000
0.9565464999999875    0.00000
0.956841499999971    0.00000
0.9571786999998935    0.00000
0.9576774000000778    0.00000
0.9583593000000992    0.00000
0.9591879000000461    0.00000
0.9601867000000865    0.00000
0.9610491999999518    0.00000
0.9619891000000038    0.00000
0.9632929999999753    0.00000
0.9466456999999142    0.00000
0.9468044999999528    0.00000
0.94717650000009    0.00000
0.9475891000000338    0.00000
0.9480219000000947    0.00000
0.9486697999999674    0.00000
0.9495286999999788    0.00000
0.9505731000000175    0.00000
0.9518324000000735    0.00000
0.9529082000000457    0.00000
0.9540817999998943    0.00000
0.9556978999999401    0.00000
0.9272637000000685    0.00000
0.9277406000000035    0.00000
0.9284315000001033    0.00000
0.9291200000000046    0.00000
0.9300868000000619    0.00000
0.9313615000000599    0.00000
0.9328853000000183    0.00000
0.9347415999999544    0.00000
0.9362861000000713    0.00000
0.9379478999999016    0.00000
0.9402294999999441    0.00000
0.9071180000000947    0.00000
0.9073857000000398    0.00000
0.9083831999999727    0.00000
0.9094063000000254    0.00000
0.9107698000000433    0.00000
0.9125079999999777    0.00000
0.9146097000000122    0.00000
0.9171292999999849    0.00000
0.9192051000000969    0.00000
0.9214254999999607    0.00000
0.9244326000000793    0.00000
0.8754835000001062    0.00000
0.8766370000000681    0.00000
0.878263799999889    0.00000
0.8803653999999153    0.00000
0.8829553999999398    0.00000
0.8860611000000009    0.00000
0.8897615999999822    0.00000
0.8927370999999287    0.00000
0.8958910999999894    0.00000
0.9001242000000733    0.00000
0.9032437999999523    0.00000
0.8422175999999162    0.00000
0.8429120000000836    0.00000
0.8451765000000435    0.00000
0.8482019999999082    0.00000
0.8518402000000638    0.00000
0.8561602000000104    0.00000
0.861243500000052    0.00000
0.8652648999999393    0.00000
0.8694879000000757    0.00000
0.875105999999958    0.00000
0.8791498999999305    0.00000
0.7952800000000639    0.00000
0.7979765000000185    0.00000
0.8024948999999495    0.00000
0.8078577000000244    0.00000
0.8141521999999171    0.00000
0.8214472999999991    0.00000
0.8271084999998948    0.00000
0.8329628000000024    0.00000
0.8406999000000184    0.00000
0.8461231999999921    0.00000
0.7454513999999293    0.00000
0.7473084999999315    0.00000
0.7534211000000948    0.00000
0.7609495999999485    0.00000
0.7696772999999926    0.00000
0.7796350999998971    0.00000
0.7872084999999132    0.00000
0.7949725999999426    0.00000
0.8051170999999737    0.00000
0.812106100000042    0.00000
0.6655586000000593    0.00000
0.673293799999918    0.00000
0.6848390999999445    0.00000
0.6981958999999751    0.00000
0.7131013000000177    0.00000
0.7241288000000559    0.00000
0.7352805999999426    0.00000
0.7496559000000893    0.00000
0.759360799999941    0.00000
0.5188305000000106    0.00000
0.5221695000000572    0.00000
0.5416303999999919    0.00000
0.5657475999999431    0.00000
0.5918526000000526    0.00000
0.6104137999999306    0.00000
0.6287631000000395    0.00000
0.6519476000000903    0.00000
0.6671822000000596    0.00000
0.17362490000005693    0.00000
0.1887748999999097    0.00000
0.24544170000006993    0.00000
0.30808479999999605    0.00000
0.34996989999991257    0.00000
0.38969589999993026    0.00000
0.4380197999999105    0.00000
0.46868530000010367    0.00000
-0.7250619999999994    0.00000
-0.6616644000000402    0.00000
-0.45562140000010665    0.00000
-0.3190607999999937    0.00000
-0.19777339999993515    0.00000
-0.060287200000065155    0.00000
0.022701099999910213    0.00000
-2.5803494999999685    0.00000
-2.2739178000000813    0.00000
-1.8158108000000404    0.00000
-1.4131340999999917    0.00000
-0.9952404000000978    0.00000
-0.7602083999999074    0.00000
-5.986232500000078    0.00000
-5.204669399999974    0.00000
-3.949994199999974    0.00000
-2.6840179999999556    0.00000
-2.036819899999932    0.00000
-14.38833499999992    0.00000
-8.53135500000002    0.00000
-5.6746791000000805    0.00000
-24.744543500000105    0.00000
-13.626196999999896    0.00000
