*******************************************************************************************
SetName: NMC
Author: James Moore jmm232@cam.ac.uk
Date: 2020
CodesUsed: APFEL (apfel4eft branch)
TheoryInput: Gmu EW input scheme
PDFset: NNPDF31_nnlo_as_0118
Warnings: For PDF4EFT project.
Operator: W
Coefficient: 1.0
InputParameters: G_F = 1.1663787e-5 GeV-2, m_Z = 91.1876 GeV, m_W = 80.398 GeV, Gamma_Z = 2.4952 GeV, Gamma_W = 2.085 GeV
Notes: Correction is for electron channel. SMEFT contribution is linearised and includes SMEFT x QCD effects.
********************************************************************************************
1.0    0.00000
1.0    0.00000
1.0    0.00000
1.0    0.00000
1.0    0.00000
1.0    0.00000
1.0    0.00000
1.0    0.00000
1.0    0.00000
1.0    0.00000
1.0    0.00000
0.999617799999907    0.00000
1.0    0.00000
1.0    0.00000
1.0    0.00000
0.9995904000000824    0.00000
0.99951609999993    0.00000
1.0    0.00000
1.0    0.00000
1.0    0.00000
0.9995622999999778    0.00000
0.9994763999999758    0.00000
0.9994285000000094    0.00000
1.0    0.00000
1.0    0.00000
1.0    0.00000
0.9995530000000965    0.00000
0.9994321000000852    0.00000
0.9993713999999478    0.00000
0.9993177999999538    0.00000
1.0    0.00000
1.0    0.00000
1.0    0.00000
0.9995320999999215    0.00000
0.9994332999999624    0.00000
0.9993483000000349    0.00000
0.9992779999999915    0.00000
1.0    0.00000
1.0    0.00000
0.9995348999999312    0.00000
0.9994281999999846    0.00000
0.9993337999999454    0.00000
0.9992371999999463    0.00000
1.0    0.00000
1.0    0.00000
0.9995240999999258    0.00000
0.9994051000000717    0.00000
0.9993109000000491    0.00000
0.9992016999998956    0.00000
1.0    0.00000
0.9995242999999423    0.00000
0.9994172999999709    0.00000
0.9992871000000783    0.00000
0.9991651999999842    0.00000
0.9990184000000504    0.00000
0.9996062000000574    0.00000
0.9995161999999382    0.00000
0.9993935    0.00000
0.9992757000000232    0.00000
0.9991544999999871    0.00000
0.9989846999999266    0.00000
0.9994915999999012    0.00000
0.9994019000000289    0.00000
0.9992830999999693    0.00000
0.9991392000000534    0.00000
0.9989460000000552    0.00000
0.9993896999999077    0.00000
0.999283700000019    0.00000
0.9991247999999722    0.00000
0.9989259999999547    0.00000
0.9992478999999435    0.00000
0.9991043000000523    0.00000
0.9989024000000004    0.00000
1.0    0.00000
1.0    0.00000
1.0    0.00000
1.0    0.00000
1.0    0.00000
1.0    0.00000
1.0    0.00000
0.9995639999998964    0.00000
1.0    0.00000
0.9995481999999214    0.00000
0.9994572999999498    0.00000
0.9993801000000015    0.00000
1.0    0.00000
0.9995305000000112    0.00000
0.9994311000000025    0.00000
0.9993484000000432    0.00000
0.9992573000000551    0.00000
1.0    0.00000
0.9995194999999892    0.00000
0.9994071000000151    0.00000
0.9993175999999373    0.00000
0.9992025999999701    0.00000
0.9990918999999145    0.00000
1.0    0.00000
0.9995156999998969    0.00000
0.9993906999999904    0.00000
0.9992912999999817    0.00000
0.9991663000000752    0.00000
0.9990287000000144    0.00000
1.0    0.00000
0.9995140999999865    0.00000
0.9993940000000414    0.00000
0.9992824999999197    0.00000
0.9991426999998989    0.00000
0.9989724000000191    0.00000
0.9988572000000353    0.00000
0.9995038000000225    0.00000
0.9993971000000759    0.00000
0.9992669999999695    0.00000
0.9991084999999558    0.00000
0.9989361999999105    0.00000
0.998777799999905    0.00000
0.9994958000000267    0.00000
0.999381000000076    0.00000
0.9992564999999889    0.00000
0.9990987000000331    0.00000
0.9989017999999508    0.00000
0.9987185999998918    0.00000
0.9993683999999217    0.00000
0.9992491000000427    0.00000
0.9990897999999628    0.00000
0.9988841000000406    0.00000
0.9986673000000881    0.00000
0.9992556999999227    0.00000
0.9990779000000884    0.00000
0.9988680000000407    0.00000
0.9986335999999643    0.00000
0.9983733999999735    0.00000
0.9990701000001092    0.00000
0.9988715999998945    0.00000
0.9985981999999218    0.00000
0.9983182000000692    0.00000
0.9988335000000728    0.00000
0.9985722999999993    0.00000
0.9982554999999884    0.00000
1.0    0.00000
1.0    0.00000
1.0    0.00000
1.0    0.00000
1.0    0.00000
1.0    0.00000
0.999535199999956    0.00000
1.0    0.00000
1.0    0.00000
0.9994994000001025    0.00000
0.9994090999999585    0.00000
1.0    0.00000
1.0    0.00000
0.9994952999999853    0.00000
0.9993840000001022    0.00000
0.9992756000000149    0.00000
0.9991674999999525    0.00000
1.0    0.00000
0.9994909000000654    0.00000
0.9993748000000071    0.00000
0.9992559999999475    0.00000
0.9991159999999102    0.00000
0.9989762999998977    0.00000
0.9994958000000267    0.00000
0.9993745999999906    0.00000
0.9992506999999531    0.00000
0.9990885000000773    0.00000
0.9989197000000996    0.00000
0.998749500000006    0.00000
0.9993507000000115    0.00000
0.9992339999999036    0.00000
0.9990743000000126    0.00000
0.9988676000000076    0.00000
0.9986694000000398    0.00000
0.9984770000001078    0.00000
0.9992280000000733    0.00000
0.9990466999999494    0.00000
0.9988293999999556    0.00000
0.998604499999999    0.00000
0.9983760999999749    0.00000
0.9981634999999258    0.00000
0.9990430000000874    0.00000
0.9988119000000619    0.00000
0.9985660999999304    0.00000
0.9982969000000832    0.00000
0.9980376999999532    0.00000
0.9990096999999967    0.00000
0.9987883999998939    0.00000
0.9985382000000644    0.00000
0.9982279999999335    0.00000
0.9979170999999667    0.00000
0.9976556000000905    0.00000
0.9989846999999266    0.00000
0.9987888999999353    0.00000
0.9985148999999129    0.00000
0.9981694999999782    0.00000
0.9978009999999085    0.00000
0.9974332999999049    0.00000
0.9987681999999989    0.00000
0.9984968999999779    0.00000
0.9981324000000171    0.00000
0.997713099999963    0.00000
0.9972455999999177    0.00000
0.9984735000000402    0.00000
0.9981168000000586    0.00000
0.9976466000000119    0.00000
0.9970949999998915    0.00000
0.9966592000000265    0.00000
0.9980830999999348    0.00000
0.9975919999999352    0.00000
0.99699530000008    0.00000
0.996389899999949    0.00000
0.997500499999914    0.00000
0.9968589999999047    0.00000
0.9961037000000275    0.00000
1.0    0.00000
1.0    0.00000
1.0    0.00000
1.0    0.00000
1.0    0.00000
0.9995130999999038    0.00000
1.0    0.00000
0.9994962000000598    0.00000
0.9993769999999671    0.00000
0.9992614999999585    0.00000
1.0    0.00000
0.9994809999999124    0.00000
0.9993578999999411    0.00000
0.9992345999999532    0.00000
0.9991057999999544    0.00000
0.9994747000000572    0.00000
0.9993431000000488    0.00000
0.9992284000001064    0.00000
0.9990345000000502    0.00000
0.9988697999999676    0.00000
0.9986938000000602    0.00000
0.9993343999999951    0.00000
0.9992108999999907    0.00000
0.9990455000000722    0.00000
0.9988271999999956    0.00000
0.9986128000000196    0.00000
0.9984127999999028    0.00000
0.9991971999999674    0.00000
0.9990246999999055    0.00000
0.9988046999999103    0.00000
0.9985675000000462    0.00000
0.9983113999999507    0.00000
0.9980483999999503    0.00000
0.9989746999999873    0.00000
0.9987825000000718    0.00000
0.9985096999999268    0.00000
0.9982072999999971    0.00000
0.9978956999999724    0.00000
0.9976524000000477    0.00000
0.9987222999999759    0.00000
0.9984809999999946    0.00000
0.998143000000006    0.00000
0.9977687999999088    0.00000
0.997461600000026    0.00000
0.9984296999999689    0.00000
0.9981016999999195    0.00000
0.9976857999999247    0.00000
0.9972974999999931    0.00000
0.9970600000001042    0.00000
0.998411400000009    0.00000
0.9980588999999309    0.00000
0.9976042000000565    0.00000
0.9971298999998925    0.00000
0.9967683999999579    0.00000
0.9980272999999809    0.00000
0.9975258000000089    0.00000
0.9969692999999271    0.00000
0.9964670999998972    0.00000
0.9961732000000048    0.00000
0.9980022999999107    0.00000
0.9974866000000961    0.00000
0.9968582000000605    0.00000
0.9962492000000758    0.00000
0.9957486999999645    0.00000
0.9978898999999366    0.00000
0.9974511000000454    0.00000
0.9967814999999316    0.00000
0.9960617999998913    0.00000
0.9953995999999457    0.00000
0.9949567999999456    0.00000
0.9973468000000754    0.00000
0.9967201999999666    0.00000
0.9959061000001093    0.00000
0.9950779999999817    0.00000
0.9943191000000287    0.00000
0.9965516000000054    0.00000
0.995730900000046    0.00000
0.9947265999999946    0.00000
0.9935701000000066    0.00000
