*******************************************************************************************
SetName: HERACOMBNCEP575
Author: James Moore jmm232@cam.ac.uk
Date: 2020
CodesUsed: APFEL (apfel4eft branch)
TheoryInput: Gmu EW input scheme
PDFset: NNPDF31_nnlo_as_0118
Warnings: For PDF4EFT project.
Operator: W
Coefficient: 1.0
InputParameters: G_F = 1.1663787e-5 GeV-2, m_Z = 91.1876 GeV, m_W = 80.398 GeV, Gamma_Z = 2.4952 GeV, Gamma_W = 2.085 GeV
Notes: Correction is for electron channel. SMEFT contribution is linearised and includes SMEFT x QCD effects.
********************************************************************************************
1.0    0.00000
1.0    0.00000
1.0    0.00000
1.0    0.00000
1.0    0.00000
1.0    0.00000
0.9994164999999047    0.00000
0.9994179000000205    0.00000
0.9994231000000067    0.00000
0.9994231000000067    0.00000
0.9994232000000149    0.00000
0.9991732999999883    0.00000
0.9991724999999221    0.00000
0.9991701999999538    0.00000
0.9991718000000862    0.00000
0.9991711000000283    0.00000
0.999174300000071    0.00000
0.9989244000000443    0.00000
0.9989281999999147    0.00000
0.9989279999998981    0.00000
0.9989270000000374    0.00000
0.998927200000054    0.00000
0.9989270000000374    0.00000
0.9989263999999878    0.00000
0.998926499999996    0.00000
0.9989258999999464    0.00000
0.9985891000000571    0.00000
0.9985915000000336    0.00000
0.9985928999999274    0.00000
0.9985936999999936    0.00000
0.998593499999977    0.00000
0.9985935999999853    0.00000
0.9985940000000184    0.00000
0.9985953999999122    0.00000
0.9985965000000032    0.00000
0.998597500000086    0.00000
0.9985970000000446    0.00000
0.9985953999999122    0.00000
0.9985911000000005    0.00000
0.99800789999993    0.00000
0.9980081999999548    0.00000
0.9980098000000872    0.00000
0.9980120000000472    0.00000
0.9980128999998996    0.00000
0.9980138999999824    0.00000
0.9980151000000816    0.00000
0.9980146000000403    0.00000
0.9980139999999906    0.00000
0.9980153000000982    0.00000
0.9980154999998927    0.00000
0.9980170000000168    0.00000
0.9980163999999672    0.00000
0.9980172000000334    0.00000
0.9980176000000665    0.00000
0.997505999999925    0.00000
0.9975094999999925    0.00000
0.9975119999999773    0.00000
0.997514099999929    0.00000
0.9975151000000118    0.00000
0.9975153000000283    0.00000
0.9975165999999138    0.00000
0.9975189000001041    0.00000
0.9975187000000876    0.00000
0.99751739999998    0.00000
0.9975169999999469    0.00000
0.9975181000000379    0.00000
0.9975197999999565    0.00000
0.9975181000000379    0.00000
0.9966779000000194    0.00000
0.9966785000000691    0.00000
0.9966798999999629    0.00000
0.9966823999999477    0.00000
0.9966860000000235    0.00000
0.996686900000098    0.00000
0.9966916000000428    0.00000
0.9966897999998938    0.00000
0.996689100000058    0.00000
0.9958415000000933    0.00000
0.9958435000000367    0.00000
0.9958455999999885    0.00000
0.995849100000056    0.00000
0.995851300000016    0.00000
0.9958541000000256    0.00000
0.9958567000000187    0.00000
0.9958577000001014    0.00000
0.9958603000000945    0.00000
0.99585940000002    0.00000
0.9958531999999511    0.00000
0.9958622000000297    0.00000
0.9958659999999    0.00000
0.9941686000000107    0.00000
0.994168700000019    0.00000
0.9941702999999293    0.00000
0.99417200000007    0.00000
0.9941723000000948    0.00000
0.99417200000007    0.00000
0.9941709999999873    0.00000
0.9941736999999886    0.00000
0.9941841999999692    0.00000
0.9941890999999305    0.00000
0.9941910000000878    0.00000
0.994191100000096    0.00000
0.9941950999999829    0.00000
0.9942009000000187    0.00000
0.9924737999998925    0.00000
0.9924738999999008    0.00000
0.9924769999999352    0.00000
0.9924819999999048    0.00000
0.9924852999999558    0.00000
0.992488299999982    0.00000
0.9924967000000109    0.00000
0.9925005000001033    0.00000
0.992495999999953    0.00000
0.9925033999998991    0.00000
0.9925113000001087    0.00000
0.9925199999999403    0.00000
0.9925280999999444    0.00000
0.9925402000000574    0.00000
0.9899024000000747    0.00000
0.9899050000000678    0.00000
0.9899115999999477    0.00000
0.9899198999999683    0.00000
0.989926400000062    0.00000
0.9899314000000317    0.00000
0.989941800000004    0.00000
0.9899510000000991    0.00000
0.9899639000000562    0.00000
0.9899740000000037    0.00000
0.9899806999998919    0.00000
0.9899977999999745    0.00000
0.9900114999999978    0.00000
0.990031000000057    0.00000
0.9846901000000177    0.00000
0.9846951999999956    0.00000
0.9847077999999279    0.00000
0.9847265999999291    0.00000
0.9847350999999662    0.00000
0.9847614999999301    0.00000
0.9847872000000581    0.00000
0.9848176999999172    0.00000
0.9848434000000452    0.00000
0.9848573000000851    0.00000
0.9849026000000585    0.00000
0.9849342000000085    0.00000
0.9849856000000425    0.00000
0.9793777999999023    0.00000
0.9793918999999587    0.00000
0.979404499999891    0.00000
0.9794114000000178    0.00000
0.9794242999999749    0.00000
0.9794375999999652    0.00000
0.979452200000063    0.00000
0.9794665999999221    0.00000
0.9795073999999673    0.00000
0.9795414999999021    0.00000
0.9795877999999583    0.00000
0.9796532000000404    0.00000
0.9797724999999193    0.00000
0.973974500000029    0.00000
0.9739912000000785    0.00000
0.9740248999999803    0.00000
0.9740605000000393    0.00000
0.9741119000000733    0.00000
0.9742114000000903    0.00000
0.974302700000095    0.00000
0.9744821000000616    0.00000
0.9746653999999069    0.00000
0.9647718999999935    0.00000
0.9647899999999368    0.00000
0.9648342000000412    0.00000
0.964898400000024    0.00000
0.964995300000048    0.00000
0.9651504000000024    0.00000
0.9654315999999543    0.00000
0.9657271999999875    0.00000
0.9661530999999215    0.00000
0.9667189999998929    0.00000
0.9673980999999046    0.00000
0.9682131000000584    0.00000
0.9689108000000548    0.00000
0.9707265999999706    0.00000
0.9553162000001105    0.00000
0.9553510999998895    0.00000
0.9554182999998986    0.00000
0.9555164000000218    0.00000
0.9556317000000139    0.00000
0.9558674999999841    0.00000
0.9561010999999944    0.00000
0.9565294999999132    0.00000
0.9571124999999672    0.00000
0.9578763999998898    0.00000
0.9587802000000636    0.00000
0.9598757999998977    0.00000
0.9607925000000286    0.00000
0.963163299999902    0.00000
0.9456373999999759    0.00000
0.9456736000000845    0.00000
0.9457510000000493    0.00000
0.9458861999999115    0.00000
0.9460466000000824    0.00000
0.9463880999999166    0.00000
0.9470586000001049    0.00000
0.9478264999999144    0.00000
0.948813200000064    0.00000
0.9499773000000147    0.00000
0.9513714999999081    0.00000
0.952535300000056    0.00000
0.9554971999999875    0.00000
0.9255467999998981    0.00000
0.9255868000000991    0.00000
0.9257166999999669    0.00000
0.9259140000000823    0.00000
0.9261876000000715    0.00000
0.9267966000000563    0.00000
0.9285144000000791    0.00000
0.9300268999999908    0.00000
0.9317950999999649    0.00000
0.933899600000009    0.00000
0.9356011000000155    0.00000
0.939875899999997    0.00000
0.9044953000000291    0.00000
0.9045483999999817    0.00000
0.9047291000000559    0.00000
0.9050254999999332    0.00000
0.9054614000000285    0.00000
0.9064037000000571    0.00000
0.9081757999999098    0.00000
0.9103202999999329    0.00000
0.9128302999999995    0.00000
0.9157640000000402    0.00000
0.9181080999999249    0.00000
0.9205632999998983    0.00000
0.9238691000000845    0.00000
0.9263600999999113    0.00000
0.8711599000000838    0.00000
0.8712143999999302    0.00000
0.8715088000000861    0.00000
0.8720052000000802    0.00000
0.8727116999999165    0.00000
0.8743249999999527    0.00000
0.8790071000001056    0.00000
0.8828737000000633    0.00000
0.8873370000000982    0.00000
0.8907973999999754    0.00000
0.8943812000000708    0.00000
0.899132099999921    0.00000
0.9026234999999208    0.00000
0.8356903000000795    0.00000
0.8357452999999673    0.00000
0.8361515000000477    0.00000
0.836922999999933    0.00000
0.8379979000000528    0.00000
0.840594399999949    0.00000
0.8454516999999431    0.00000
0.8510588000000254    0.00000
0.8573978000000473    0.00000
0.8622019000000805    0.00000
0.8671123000000271    0.00000
0.8735583000000204    0.00000
0.8781856000000801    0.00000
