*******************************************************************************************
SetName: HERACOMBNCEM
Author: James Moore jmm232@cam.ac.uk
Date: 2020
CodesUsed: APFEL (apfel4eft branch)
TheoryInput: Gmu EW input scheme
PDFset: NNPDF31_nnlo_as_0118
Warnings: For PDF4EFT project.
Operator: W
Coefficient: 1.0
InputParameters: G_F = 1.1663787e-5 GeV-2, m_Z = 91.1876 GeV, m_W = 80.398 GeV, Gamma_Z = 2.4952 GeV, Gamma_W = 2.085 GeV
Notes: Correction is for electron channel. SMEFT contribution is linearised and includes SMEFT x QCD effects.
********************************************************************************************
0.9902741999999733    0.00000
0.9853952999999684    0.00000
0.9853799000000265    0.00000
0.985350700000053    0.00000
0.9805281000000434    0.00000
0.9804940000001086    0.00000
0.9804242000001064    0.00000
0.975628100000069    0.00000
0.9755386999999995    0.00000
0.9754644000000692    0.00000
0.9754419999999921    0.00000
0.9754748000000415    0.00000
0.9674633999999784    0.00000
0.9674130000000272    0.00000
0.9672895000000228    0.00000
0.9672242999999572    0.00000
0.9672410000000067    0.00000
0.9673705000000634    0.00000
0.9676252000000432    0.00000
0.9680141000000244    0.00000
0.968478400000027    0.00000
0.9690507000000839    0.00000
0.9695961999999216    0.00000
0.9592847000000617    0.00000
0.9591375000000948    0.00000
0.959010199999998    0.00000
0.959007600000005    0.00000
0.959136500000012    0.00000
0.959455900000016    0.00000
0.9599267999998986    0.00000
0.9604932999999196    0.00000
0.9612138000000261    0.00000
0.9618851000000586    0.00000
0.9626430999999371    0.00000
0.9637313000000471    0.00000
0.9511040999999878    0.00000
0.9510100999999818    0.00000
0.9508189999999352    0.00000
0.9507711999999771    0.00000
0.9508991999999097    0.00000
0.9512641999999119    0.00000
0.9518229999999619    0.00000
0.9524835999999972    0.00000
0.9533326000000777    0.00000
0.9541281999999587    0.00000
0.9550397000001034    0.00000
0.9563283999999275    0.00000
0.9347511000000743    0.00000
0.9345080999999524    0.00000
0.9343402000000491    0.00000
0.9344356999999572    0.00000
0.9348638000000733    0.00000
0.9355555000000173    0.00000
0.9363789999999863    0.00000
0.9374773000000438    0.00000
0.9385163000000798    0.00000
0.9397013999999917    0.00000
0.9413827000001032    0.00000
0.9184582000000265    0.00000
0.9183530999999903    0.00000
0.9180269000000898    0.00000
0.9180265000000567    0.00000
0.9184730999999271    0.00000
0.919261699999895    0.00000
0.9202246000000738    0.00000
0.9215171999999985    0.00000
0.9227827999999096    0.00000
0.9242163999999544    0.00000
0.9262789000000762    0.00000
0.927993000000015    0.00000
0.8942279000000433    0.00000
0.8938952000000491    0.00000
0.8936707999999118    0.00000
0.8940421999999995    0.00000
0.8948849000000028    0.00000
0.8959402000000551    0.00000
0.8974595000000853    0.00000
0.8989958999999761    0.00000
0.9007714999998964    0.00000
0.903346099999979    0.00000
0.8703538000000002    0.00000
0.8702395000000909    0.00000
0.8697857000000688    0.00000
0.8699220000000221    0.00000
0.8706799999999006    0.00000
0.8717061999999878    0.00000
0.873328300000086    0.00000
0.8750807000000851    0.00000
0.8771257000000912    0.00000
0.8801464000000028    0.00000
0.8825649000000482    0.00000
0.8392036999999011    0.00000
0.8388411000000975    0.00000
0.8385056000000937    0.00000
0.8389119999999686    0.00000
0.839665899999952    0.00000
0.8411958999999793    0.00000
0.8430820999999469    0.00000
0.8453920000001105    0.00000
0.8488651999999366    0.00000
0.8085126000000322    0.00000
0.8090635000000947    0.00000
0.8082151000000639    0.00000
0.8079782000000026    0.00000
0.8081275999999296    0.00000
0.8092761999999301    0.00000
0.8111282999999627    0.00000
0.8135390000000289    0.00000
0.817293800000062    0.00000
0.7661563999999945    0.00000
0.7653592999999894    0.00000
0.7636438999999431    0.00000
0.7622265999999147    0.00000
0.7621736999999786    0.00000
0.7635947000000911    0.00000
0.7658223999998928    0.00000
0.7696276000000992    0.00000
0.772633300000102    0.00000
0.6973108000000163    0.00000
0.7013330999999781    0.00000
0.696731700000063    0.00000
0.6908381000000343    0.00000
0.6868639000000556    0.00000
0.6864164000001107    0.00000
0.6873157999999204    0.00000
0.6900364000000927    0.00000
0.692292600000032    0.00000
0.5867124999999742    0.00000
0.5928580999999813    0.00000
0.5734859000000583    0.00000
0.5539038000000875    0.00000
0.5447555999998901    0.00000
0.5385342000000506    0.00000
0.5339503000000292    0.00000
0.5311935999999786    0.00000
0.45421190000005573    0.00000
0.4487399000000494    0.00000
0.3792507000001102    0.00000
0.3329341999999116    0.00000
0.2932724000000988    0.00000
0.25111569999991445    0.00000
0.22240149999996817    0.00000
0.3792967999999277    0.00000
0.32918519999991425    0.00000
0.20797919999992942    0.00000
0.08102290000000423    0.00000
-0.07121210000005185    0.00000
-0.1790645000000488    0.00000
0.3890179000000096    0.00000
0.29969650000005643    0.00000
0.05738969999990928    0.00000
-0.303965900000037    0.00000
-0.5809529999999405    0.00000
0.45010610000006857    0.00000
-0.22846119999997505    0.00000
-0.9624889000000589    0.00000
0.37741940000002216    0.00000
-0.8239363000001063    0.00000
0.4174574000000977    0.00000
