*******************************************************************************************
SetName: HERACOMBNCEP820
Author: James Moore jmm232@cam.ac.uk
Date: 2020
CodesUsed: APFEL (apfel4eft branch)
TheoryInput: Gmu EW input scheme
PDFset: NNPDF31_nnlo_as_0118
Warnings: For PDF4EFT project.
Operator: Y
Coefficient: 1.0
InputParameters: G_F = 1.1663787e-5 GeV-2, m_Z = 91.1876 GeV, m_W = 80.398 GeV, Gamma_Z = 2.4952 GeV, Gamma_W = 2.085 GeV
Notes: Correction is for electron channel. SMEFT contribution is linearised and includes SMEFT x QCD effects.
********************************************************************************************
1.0    0.00000
1.0    0.00000
1.0    0.00000
1.0    0.00000
1.0    0.00000
1.0    0.00000
1.0    0.00000
1.0    0.00000
1.0    0.00000
1.0    0.00000
1.0    0.00000
1.0    0.00000
1.0    0.00000
1.0    0.00000
1.0    0.00000
1.0    0.00000
1.0    0.00000
1.0    0.00000
1.0    0.00000
1.0    0.00000
1.0    0.00000
1.0    0.00000
1.0    0.00000
1.0    0.00000
1.0    0.00000
1.0    0.00000
1.0    0.00000
1.0    0.00000
1.0    0.00000
1.0    0.00000
1.0    0.00000
1.0    0.00000
1.0    0.00000
1.0    0.00000
1.0    0.00000
1.0    0.00000
1.0    0.00000
1.0    0.00000
1.0    0.00000
1.0    0.00000
1.0    0.00000
1.0    0.00000
0.9994412999999582    0.00000
0.9994450000000423    0.00000
0.9992814000000507    0.00000
0.9992845000000852    0.00000
0.9989615000000054    0.00000
0.9989578999999296    0.00000
0.9989564000000275    0.00000
0.998640100000058    0.00000
0.9986380000001063    0.00000
0.9984027999999636    0.00000
0.9984014000000698    0.00000
0.9980780999999652    0.00000
0.9980766000000632    0.00000
0.9980744000001032    0.00000
0.9975887999998925    0.00000
0.9975895999999587    0.00000
0.9975883000000731    0.00000
0.9971036999999452    0.00000
0.997105100000061    0.00000
0.9971085999999065    0.00000
0.9964622999999442    0.00000
0.9956463999999379    0.00000
0.9956462999999296    0.00000
0.995648999999931    0.00000
0.9956569999999267    0.00000
0.9943594000000324    0.00000
0.9943600000000821    0.00000
0.9927399999999356    0.00000
0.9927469000000624    0.00000
0.9903202000000046    0.00000
0.9886933999999616    0.00000
0.9887111000000939    0.00000
0.9854671999999223    0.00000
0.9805885999999422    0.00000
0.9806111000000275    0.00000
0.9757304000000957    0.00000
0.9675628999999955    0.00000
0.9675824000000546    0.00000
0.9593785000000512    0.00000
0.9511324999998951    0.00000
0.9511541999999142    0.00000
0.9345339000000887    0.00000
0.9345055999999676    0.00000
0.9177202000000264    0.00000
0.9177069000000362    0.00000
0.8922095000000176    0.00000
0.8921010999999304    0.00000
0.8919815000000266    0.00000
0.8660258000000578    0.00000
0.865909499999983    0.00000
0.8303031999999924    0.00000
0.7949195999999983    0.00000
0.7937112999999432    0.00000
0.7934776999999329    0.00000
0.7374925999999995    0.00000
0.7366400000000652    0.00000
0.6361145999999032    0.00000
0.63754309999997    0.00000
0.41357709999989467    0.00000
0.4256326999999551    0.00000
-0.12031760000008695    0.00000
-0.05455409999999361    0.00000
-1.1340330999999324    0.00000
-0.9508996999999528    0.00000
-0.7815231000000153    0.00000
-2.967412700000006    0.00000
-2.3929178000000615    0.00000
-8.517973499999943    0.00000
-5.690468800000016    0.00000
-16.286066600000094    0.00000
