*******************************************************************************************
SetName: HERACOMBNCEP920
Author: James Moore jmm232@cam.ac.uk
Date: 2020
CodesUsed: APFEL (apfel4eft branch)
TheoryInput: Gmu EW input scheme
PDFset: NNPDF31_nnlo_as_0118
Warnings: For PDF4EFT project.
Operator: Y
Coefficient: 1.0
InputParameters: G_F = 1.1663787e-5 GeV-2, m_Z = 91.1876 GeV, m_W = 80.398 GeV, Gamma_Z = 2.4952 GeV, Gamma_W = 2.085 GeV
Notes: Correction is for electron channel. SMEFT contribution is linearised and includes SMEFT x QCD effects.
********************************************************************************************
1.0    0.00000
1.0    0.00000
1.0    0.00000
1.0    0.00000
1.0    0.00000
1.0    0.00000
1.0    0.00000
1.0    0.00000
1.0    0.00000
1.0    0.00000
1.0    0.00000
1.0    0.00000
1.0    0.00000
1.0    0.00000
1.0    0.00000
1.0    0.00000
1.0    0.00000
1.0    0.00000
1.0    0.00000
1.0    0.00000
1.0    0.00000
1.0    0.00000
1.0    0.00000
1.0    0.00000
1.0    0.00000
1.0    0.00000
1.0    0.00000
1.0    0.00000
1.0    0.00000
1.0    0.00000
1.0    0.00000
1.0    0.00000
1.0    0.00000
1.0    0.00000
1.0    0.00000
1.0    0.00000
1.0    0.00000
1.0    0.00000
1.0    0.00000
1.0    0.00000
1.0    0.00000
1.0    0.00000
1.0    0.00000
1.0    0.00000
1.0    0.00000
1.0    0.00000
1.0    0.00000
1.0    0.00000
1.0    0.00000
1.0    0.00000
1.0    0.00000
1.0    0.00000
1.0    0.00000
1.0    0.00000
1.0    0.00000
1.0    0.00000
1.0    0.00000
1.0    0.00000
1.0    0.00000
1.0    0.00000
1.0    0.00000
1.0    0.00000
1.0    0.00000
1.0    0.00000
1.0    0.00000
1.0    0.00000
1.0    0.00000
1.0    0.00000
1.0    0.00000
1.0    0.00000
1.0    0.00000
1.0    0.00000
1.0    0.00000
1.0    0.00000
1.0    0.00000
1.0    0.00000
1.0    0.00000
1.0    0.00000
1.0    0.00000
1.0    0.00000
1.0    0.00000
1.0    0.00000
1.0    0.00000
1.0    0.00000
1.0    0.00000
1.0    0.00000
1.0    0.00000
1.0    0.00000
1.0    0.00000
1.0    0.00000
1.0    0.00000
1.0    0.00000
1.0    0.00000
1.0    0.00000
1.0    0.00000
1.0    0.00000
1.0    0.00000
1.0    0.00000
1.0    0.00000
1.0    0.00000
1.0    0.00000
1.0    0.00000
1.0    0.00000
1.0    0.00000
1.0    0.00000
1.0    0.00000
1.0    0.00000
1.0    0.00000
0.9994430000000989    0.00000
0.9994439999999596    0.00000
0.9994405999999003    0.00000
0.9994398000000562    0.00000
0.9994412999999582    0.00000
0.9994396000000396    0.00000
0.9994369000000383    0.00000
0.9994393000000148    0.00000
0.9994446000000092    0.00000
0.9994409999999334    0.00000
0.9994441999999761    0.00000
0.9994472000000023    0.00000
0.9994457000001002    0.00000
0.9994474000000189    0.00000
0.9992887999999969    0.00000
0.9992879999999307    0.00000
0.999285899999979    0.00000
0.9992827999999445    0.00000
0.999280399999968    0.00000
0.9992765000000894    0.00000
0.9992796999999101    0.00000
0.9992820000001004    0.00000
0.9992821000001086    0.00000
0.9992799999999349    0.00000
0.9992843000000686    0.00000
0.9992818000000838    0.00000
0.9992822999999031    0.00000
0.9992855999999541    0.00000
0.999285199999921    0.00000
0.9989645000000316    0.00000
0.9989626000000964    0.00000
0.9989623000000716    0.00000
0.9989600999998896    0.00000
0.9989586999999958    0.00000
0.9989572000000937    0.00000
0.9989548999999034    0.00000
0.9989598000000868    0.00000
0.998958800000004    0.00000
0.9989623000000716    0.00000
0.9989636999999654    0.00000
0.9989701000000508    0.00000
0.9989713999999363    0.00000
0.9989711999999198    0.00000
0.9989605999999309    0.00000
0.9989632999999323    0.00000
0.9986386999999421    0.00000
0.9986364999999822    0.00000
0.9986371000000318    0.00000
0.9986348000000635    0.00000
0.9986349000000718    0.00000
0.9986366999999987    0.00000
0.9986359999999408    0.00000
0.9986377000000815    0.00000
0.9986380999998925    0.00000
0.9986402000000663    0.00000
0.998645600000069    0.00000
0.9986451000000276    0.00000
0.9986451000000276    0.00000
0.9986496999999641    0.00000
0.998640100000058    0.00000
0.9983968999999195    0.00000
0.9983950999999927    0.00000
0.998403300000005    0.00000
0.9984014000000698    0.00000
0.9984018000001029    0.00000
0.9984067000000643    0.00000
0.9983955000000257    0.00000
0.9980771000001045    0.00000
0.9980755999999804    0.00000
0.998074699999906    0.00000
0.9980717000001018    0.00000
0.998074699999906    0.00000
0.9980777999999404    0.00000
0.9980767000000714    0.00000
0.9980784999999983    0.00000
0.9980832999999514    0.00000
0.9980923000000299    0.00000
0.9980870000000355    0.00000
0.9980745999998977    0.00000
0.9975888999999007    0.00000
0.997588999999909    0.00000
0.9975893999999421    0.00000
0.9975896999999669    0.00000
0.9975929000000097    0.00000
0.997593400000051    0.00000
0.997599999999931    0.00000
0.9976002999999558    0.00000
0.9976073000000909    0.00000
0.9976027999999406    0.00000
0.9976064000000164    0.00000
0.9975854000000552    0.00000
0.9971102000000389    0.00000
0.9971110000001051    0.00000
0.9971104000000555    0.00000
0.9971065999999631    0.00000
0.99710839999989    0.00000
0.9971114999999244    0.00000
0.9971169999999354    0.00000
0.9971229999999878    0.00000
0.9971179000000099    0.00000
0.9971212000000609    0.00000
0.9971234000000209    0.00000
0.9970997000000583    0.00000
0.9964577000000077    0.00000
0.996460400000009    0.00000
0.9964615000001    0.00000
0.9964610000000587    0.00000
0.9964588000000987    0.00000
0.9964612000000752    0.00000
0.99646809999998    0.00000
0.9964696999998903    0.00000
0.9964693000000793    0.00000
0.9964729999999413    0.00000
0.9964799000000681    0.00000
0.9964778999999027    0.00000
0.9964698999999069    0.00000
0.9964223999999735    0.00000
0.995646799999971    0.00000
0.9956463999999379    0.00000
0.9956497999999971    0.00000
0.9956528000000233    0.00000
0.9956586000000591    0.00000
0.9956619000001101    0.00000
0.9956626999999543    0.00000
0.99567289999991    0.00000
0.9956755999999114    0.00000
0.9956679999999487    0.00000
0.9956551999999999    0.00000
0.9956404000001076    0.00000
0.9956066999999837    0.00000
0.9943546000000794    0.00000
0.9943570000000559    0.00000
0.994357400000089    0.00000
0.9943586999999745    0.00000
0.994359600000049    0.00000
0.994364400000002    0.00000
0.9943727000000226    0.00000
0.9943737999998916    0.00000
0.9943773999999674    0.00000
0.994379799999944    0.00000
0.9943798999999522    0.00000
0.9943815000000846    0.00000
0.9943641999999855    0.00000
0.9943418999999167    0.00000
0.9942948000000165    0.00000
0.9941563000001032    0.00000
0.9927408000000018    0.00000
0.9927422999999038    0.00000
0.9927433999999948    0.00000
0.9927448000001107    0.00000
0.9927478999999231    0.00000
0.992749700000072    0.00000
0.9927494000000472    0.00000
0.9927579000000843    0.00000
0.9927703000000001    0.00000
0.9927660000000884    0.00000
0.9927630000000622    0.00000
0.9927458999999796    0.00000
0.992716299999973    0.00000
0.9926609000000521    0.00000
0.9925780000000763    0.00000
0.9903128000000585    0.00000
0.9903160000001012    0.00000
0.9903182000000612    0.00000
0.9903226999999895    0.00000
0.990324000000097    0.00000
0.9903254999999991    0.00000
0.9903337000000114    0.00000
0.9903431999999093    0.00000
0.9903415999999989    0.00000
0.9903363000000045    0.00000
0.9903200999999964    0.00000
0.9902729000000878    0.00000
0.9902056000000705    0.00000
0.9900984000000825    0.00000
0.9898189000000492    0.00000
0.9886957999999382    0.00000
0.9886977000000954    0.00000
0.9887016999999823    0.00000
0.9887038999999422    0.00000
0.988705999999894    0.00000
0.9887144999999311    0.00000
0.9887222999999103    0.00000
0.9887279999999379    0.00000
0.9887263000000193    0.00000
0.9887204999999835    0.00000
0.9886945000000527    0.00000
0.9886468000001027    0.00000
0.9885637999998966    0.00000
0.9884349999998978    0.00000
0.9854575000000079    0.00000
0.9854633000000437    0.00000
0.9854762000000008    0.00000
0.9854884999999083    0.00000
0.9854951000000103    0.00000
0.9854831999999139    0.00000
0.9854528000000631    0.00000
0.9853887000000885    0.00000
0.9852842000001019    0.00000
0.9851254000000633    0.00000
0.9849375000000595    0.00000
0.9845039999999408    0.00000
0.9805920000000015    0.00000
0.9805960000001104    0.00000
0.9806021999999572    0.00000
0.9806069999999103    0.00000
0.9806102999999613    0.00000
0.9806197000000729    0.00000
0.9806249000000591    0.00000
0.9806325000000218    0.00000
0.9806247000000425    0.00000
0.9805799999998968    0.00000
0.980499699999914    0.00000
0.9803557999999981    0.00000
0.98015089999992    0.00000
0.979901599999943    0.00000
0.9793155000000766    0.00000
0.9757280999999054    0.00000
0.9757515000000652    0.00000
0.9757681999998926    0.00000
0.9757527999999507    0.00000
0.9757035000000904    0.00000
0.97560420000009    0.00000
0.9754299000001012    0.00000
0.9751670999998954    0.00000
0.974857800000061    0.00000
0.9741296999999918    0.00000
0.9675873000000159    0.00000
0.9675983000000379    0.00000
0.9676190999999825    0.00000
0.9676156999999233    0.00000
0.9675527000000397    0.00000
0.9674308999999539    0.00000
0.9671916999999244    0.00000
0.9668470000000475    0.00000
0.9664420000000664    0.00000
0.965931900000049    0.00000
0.9654712999999084    0.00000
0.9649485999999587    0.00000
0.9642156999999365    0.00000
0.9594106000000426    0.00000
0.9594431000000672    0.00000
0.9594506000000216    0.00000
0.9593828999999712    0.00000
0.9592299999999767    0.00000
0.9589378000000028    0.00000
0.9585096000001005    0.00000
0.9580069000000293    0.00000
0.9573771000000999    0.00000
0.9567983999999576    0.00000
0.9561572999999814    0.00000
0.9552492999999043    0.00000
0.9511990000000683    0.00000
0.951217600000053    0.00000
0.9512428999999258    0.00000
0.9511674999999045    0.00000
0.9510006000000839    0.00000
0.9506516000000733    0.00000
0.9501485999999773    0.00000
0.9495498999999565    0.00000
0.9487984999999579    0.00000
0.9481158000000924    0.00000
0.9473503000000374    0.00000
0.9462749000000983    0.00000
0.9346626000000793    0.00000
0.9346919000000611    0.00000
0.9346358000000823    0.00000
0.9344398000000744    0.00000
0.9340005999999281    0.00000
0.933357700000025    0.00000
0.932582300000039    0.00000
0.9315977000000633    0.00000
0.9307090000000287    0.00000
0.9297125999999647    0.00000
0.9283181000000464    0.00000
0.9179516000000767    0.00000
0.9179528999999622    0.00000
0.9179390999999306    0.00000
0.9177296999999243    0.00000
0.9172193000001041    0.00000
0.9164535000000242    0.00000
0.9155233999998948    0.00000
0.9143316000000947    0.00000
0.9132463000000026    0.00000
0.9120316000000841    0.00000
0.9103379000000569    0.00000
0.8925439999999387    0.00000
0.8925187000000658    0.00000
0.8923551000000742    0.00000
0.891780800000074    0.00000
0.8908797999999098    0.00000
0.8897577999998898    0.00000
0.8882941000000191    0.00000
0.8869567999999486    0.00000
0.8854467000000135    0.00000
0.8833321000000218    0.00000
0.8817029000000023    0.00000
0.8667041000000033    0.00000
0.8666502999999928    0.00000
0.8665397999999538    0.00000
0.8659792999999851    0.00000
0.8649977000000355    0.00000
0.8637558000000869    0.00000
0.8620859000000305    0.00000
0.860522799999929    0.00000
0.8587669000000844    0.00000
0.8562841000000478    0.00000
0.8544070999999533    0.00000
0.8315401999999796    0.00000
0.8313626999999482    0.00000
0.8309115999999275    0.00000
0.8299541999999818    0.00000
0.8286752000000721    0.00000
0.8268504000000778    0.00000
0.8250737000000665    0.00000
0.8230478000000865    0.00000
0.8201578999998951    0.00000
0.8180117999999617    0.00000
0.7957935999999268    0.00000
0.7952655999999827    0.00000
0.7949887999999508    0.00000
0.7942083999999952    0.00000
0.7930634000000705    0.00000
0.7912406000000196    0.00000
0.789351800000059    0.00000
0.7871411000001096    0.00000
0.7839592999999692    0.00000
0.7816242999999492    0.00000
0.7395853999999638    0.00000
0.7392610999999985    0.00000
0.7390782999999725    0.00000
0.7385051000000633    0.00000
0.7370439999999636    0.00000
0.7351974999999502    0.00000
0.7329128000000953    0.00000
0.7295097000000741    0.00000
0.7270329000000899    0.00000
0.6435627999999962    0.00000
0.6410463000000579    0.00000
0.6423511999998901    0.00000
0.643960700000056    0.00000
0.6442638000000436    0.00000
0.6431752999999087    0.00000
0.6413701999999901    0.00000
0.6382845000000295    0.00000
0.636028999999926    0.00000
0.43076460000002115    0.00000
0.4264611000001075    0.00000
0.43704730000004766    0.00000
0.44679029999994313    0.00000
0.4506353999998982    0.00000
0.4527006000000213    0.00000
0.45342119999991404    0.00000
0.45353659999991436    0.00000
-0.0842289999999366    0.00000
-0.07822039999994068    0.00000
-0.019520700000109414    0.00000
0.015133799999954789    0.00000
0.04209139999999856    0.00000
0.06800560000008637    0.00000
0.0828319000000235    0.00000
-1.0874325999999943    0.00000
-1.0052126000000836    0.00000
-0.8453961000000074    0.00000
-0.70879420000003    0.00000
-0.5764026000000264    0.00000
-0.5046163000000945    0.00000
-2.8910298999998982    0.00000
-2.6349081000000005    0.00000
-2.136342299999928    0.00000
-1.636954700000027    0.00000
-1.3887848999999406    0.00000
-7.605148300000032    0.00000
-5.008148100000055    0.00000
-3.7323955000000417    0.00000
-13.842490199999947    0.00000
-8.58093850000008    0.00000
